,Date,Open,High,Low,Close,Volume,Adj Close,50DayAvgVol,30DaySMA,4WeekSMA,10WeekSMA,30WeekSMA,20.2UpperBB,20.2MiddleBB,20.2LowerBB,12.26.9MACD,12.26.9MACDSignal,12.26.9MACDHist,RSI14,10.4STOC,10.4.4STOC
0,2014-11-18,8.7,9.19,8.59,8.71,186400,8.71,169946.0,9.59033333333,8.9285,11.0954,13.6652666667,12.3628399657,8.9285,5.4941600343,-0.965432519357,-1.11049006377,0.145057544414,44.1415416828,54.9468988194,30.1082158251
1,2014-11-17,8.24,8.8,7.84,8.59,296800,8.59,168178.0,9.68966666667,9.0495,11.2048,13.7157333333,12.6126305056,9.0495,5.48636949439,-1.08977396599,-1.14675444987,0.0569804838858,42.8321705965,37.3939562665,18.7389153627
2,2014-11-14,7.41,8.17,7.32,8.03,467500,8.03,164946.0,9.789,9.1335,11.314,13.7599333333,12.7284090392,9.1335,5.53859096082,-1.22040942746,-1.16099957085,-0.0594098566115,36.3686847992,16.782484405,11.6496254302
3,2014-11-13,7.09,7.42,7.09,7.34,119900,7.34,156104.0,9.926,9.265,11.4366,13.8026,12.8811720092,9.265,5.64882799082,-1.31237818842,-1.14614710669,-0.166231081731,26.9145347134,11.3095238095,9.37180585618
4,2014-11-12,6.89,7.16,6.89,7.12,115300,7.12,154492.0,10.1053333333,9.428,11.573,13.8458666667,12.975639215,9.428,5.88036078497,-1.34042008786,-1.10458933626,-0.235830751601,23.551677241,9.4696969697,7.9990755772
5,2014-11-11,7.11,7.26,6.93,6.97,157100,6.97,154120.0,10.2746666667,9.6045,11.7108,13.8931333333,13.0242103679,9.6045,6.18478963215,-1.33431472914,-1.04563164836,-0.288683080779,21.2578070086,9.0367965368,10.6555368274
6,2014-11-10,7.09,7.31,6.92,7.06,195500,7.06,151912.0,10.4723333333,9.8,11.855,13.941,13.0370974653,9.8,6.56290253468,-1.29184112976,-0.973460878166,-0.318380251598,21.6192231418,7.67120610871,17.6110211266
7,2014-11-07,7.03,7.03,6.87,7.0,138600,7.0,148832.0,10.6763333333,9.9875,11.994,13.9867333333,12.9942715244,9.9875,6.98072847559,-1.22800259195,-0.893865815266,-0.33413677668,20.7855078352,5.8186026936,30.4200558107
8,2014-11-06,7.0,7.36,6.6,7.04,251600,7.04,147286.0,10.8926666667,10.1775,12.133,14.0373333333,12.8688333127,10.1775,7.48616668731,-1.12255045689,-0.810331621096,-0.31221883579,20.9232801767,20.0955419705,47.1562862358
9,2014-11-05,7.5,7.62,6.9,7.01,534000,7.01,144006.0,11.099,10.391,12.2742,14.0954666667,12.703720476,10.391,8.07827952402,-0.975699906945,-0.732276912149,-0.243422994796,20.5565589684,36.8587337337,59.8361098871
10,2014-11-04,7.62,7.92,6.9,7.01,1525700,7.01,134920.0,11.3133333333,10.642,12.422,14.1654666667,12.4716731949,10.642,8.81232680514,-0.771018660919,-0.67142116345,-0.099597497469,20.5565589684,58.9073448448,64.0825778224
11,2014-11-03,10.9,11.09,10.82,10.84,169100,10.84,106090.0,11.5256666667,10.876,12.5746,14.2385333333,11.7186482065,10.876,10.0333517935,-0.498556144559,-0.646521789082,0.147965644523,41.9949917257,72.763524394,59.1971234012
12,2014-10-31,11.21,11.22,10.86,10.96,74100,10.96,103842.0,11.6106666667,10.9125,12.6598,14.2868,11.8073714992,10.9125,10.0176285008,-0.533506807031,-0.683513200213,0.150006393182,43.3090638418,70.8148365757,49.9154079092
13,2014-10-30,10.82,11.15,10.77,11.09,144800,11.09,103610.0,11.7036666667,10.9715,12.7454,14.338,12.0144626072,10.9715,9.92853739281,-0.582574644483,-0.721014798509,0.138440154026,44.7166278995,53.844605475,38.6489917553
14,2014-10-29,10.9,11.1,10.7,10.91,143300,10.91,101628.0,11.7983333333,11.053,12.8344,14.388,12.3452244387,11.053,9.76077556129,-0.649965598548,-0.755624837015,0.105659238468,42.305801224,39.3655271601,33.9911378745
15,2014-10-28,10.28,10.99,10.28,10.91,96600,10.91,101942.0,11.9236666667,11.1175,12.9366,14.4322,12.5003358543,11.1175,9.73466414568,-0.708199643939,-0.782039646632,0.0738400026935,42.305801224,35.6366624258,31.4941992686
16,2014-10-27,10.5,10.74,10.11,10.23,115800,10.23,101098.0,12.0363333333,11.217,13.0326,14.4836666667,12.7979756481,11.217,9.63602435186,-0.772226376144,-0.800499647306,0.0282732711615,32.7534953932,25.7491719605,28.8818235895
17,2014-10-24,10.63,10.8,10.39,10.61,142000,10.61,100530.0,12.1716666667,11.3645,13.1362,14.5441333333,13.0931697198,11.3645,9.63583028024,-0.773479021597,-0.807567965096,0.0340889434992,35.8319791725,35.2131899515,28.8133143459
18,2014-10-23,10.66,10.93,10.18,10.67,75200,10.67,98802.0,12.296,11.5085,13.24,14.6018,13.4307515444,11.5085,9.58624845559,-0.802518157842,-0.816090200971,0.0135720431285,36.3326581525,29.3777727364,24.8038374188
19,2014-10-22,11.0,11.0,10.4,10.47,104000,10.47,98424.0,12.4173333333,11.6365,13.3428,14.664,13.6567997302,11.6365,9.61620026976,-0.8340187549,-0.819483211753,-0.0145355431468,33.4545923892,25.1871597096,23.493581251
20,2014-10-21,10.35,11.19,10.35,11.13,64100,11.13,98302.0,12.54,11.785,13.4468,,13.8758801974,11.785,9.69411980257,-0.841730153254,-0.815849325966,-0.0258808272883,38.8338695162,25.4751349859,23.1199174388
21,2014-10-20,10.54,10.84,10.18,10.27,100400,10.27,98934.0,12.6416666667,11.8975,13.5326,,14.075608124,11.8975,9.71939187596,-0.906529354016,-0.809379119144,-0.0971502348723,24.059394256,19.1752822432,22.7530335324
22,2014-10-17,10.79,10.91,10.45,10.66,67500,10.66,99252.0,12.7676666667,12.0535,13.6284,,14.1895175561,12.0535,9.91748244389,-0.888487179658,-0.785091560426,-0.103395619232,26.7836808416,24.1367480651,22.9314712875
23,2014-10-16,10.46,11.49,10.45,10.6,125800,10.6,100012.0,12.8843333333,12.208,13.706,,14.365392871,12.208,10.050607129,-0.892244445408,-0.759242655618,-0.13300178979,25.5798636972,23.6925044611,22.0323020372
24,2014-10-15,10.67,11.04,10.5,10.65,88800,10.65,102194.0,13.003,12.3745,13.775,,14.5237740635,12.3745,10.2252259365,-0.877952890852,-0.72599220817,-0.151960682681,25.9095082268,24.0075993602,20.8148767998
25,2014-10-14,10.97,11.23,10.76,10.88,67600,10.88,107674.0,13.115,12.5755,13.8278,,14.7928991522,12.5755,10.3581008478,-0.852032355532,-0.6880020375,-0.164030318032,27.4187854153,19.8890332636,18.4883336348
26,2014-10-13,10.8,11.34,10.26,10.81,81300,10.81,109410.0,13.225,12.746,13.8752,,14.9399772105,12.746,10.5520227895,-0.829973310735,-0.646994457992,-0.182978852743,26.2039186264,20.5400710638,17.6297971884
27,2014-10-10,11.26,11.3,10.05,10.8,110600,10.8,109260.0,13.3316666667,12.92,13.9216,,15.0222844717,12.92,10.8177155283,-0.782618336311,-0.601249744806,-0.181368591504,26.0397007754,18.8228035116,16.6495333297
28,2014-10-09,11.99,12.33,11.19,11.31,65100,11.31,109172.0,13.4366666667,13.097,13.9718,,15.0460212929,13.097,11.1479787071,-0.709774447699,-0.55590759693,-0.153866850769,29.1071094001,14.7014267001,15.5046949564
29,2014-10-08,11.69,12.37,11.56,12.03,116700,12.03,108906.0,13.5296666667,13.247,14.0294,,15.0811984625,13.247,11.4128015375,-0.658402437904,-0.517440884238,-0.140961553666,34.4227968243,16.4548874779,15.9058632303
30,2014-10-07,11.5,11.75,11.27,11.69,67100,11.69,108064.0,13.6086666667,13.353,14.0742,,15.1379941176,13.353,11.5680058824,-0.656565400851,-0.482200495821,-0.17436490503,28.7142607173,16.6190156292,15.4607889202
31,2014-10-06,12.15,12.2,11.47,11.57,161900,11.57,109110.0,13.707,13.4775,14.1312,,15.123062214,13.4775,11.831937786,-0.610052449546,-0.438609269564,-0.171443179981,26.6208115897,14.2434500183,14.21834002
32,2014-10-03,12.86,12.86,11.92,12.14,123300,12.14,107212.0,13.8246666667,13.6015,14.1932,,15.0101202469,13.6015,12.1928797531,-0.529593337886,-0.395748474569,-0.133844863317,30.5820949785,16.3060997958,13.5485376268
33,2014-10-02,12.2,12.79,11.99,12.72,136800,12.72,106056.0,13.928,13.7025,14.2446,,14.9589215057,13.7025,12.4460784943,-0.477231441362,-0.362287258739,-0.114944182623,35.5853724858,14.6745902374,12.7037199949
34,2014-10-01,12.85,12.88,12.02,12.2,168500,12.2,104634.0,14.022,13.7745,14.2834,,14.9605265596,13.7745,12.5884734404,-0.462511617924,-0.333551213084,-0.128960404841,25.4287462545,11.6492200284,12.517351399
35,2014-09-30,13.15,13.15,12.58,12.9,182700,12.9,102738.0,14.1493333333,13.865,14.333,,14.8079634139,13.865,12.9220365861,-0.384050874294,-0.301311111874,-0.0827397624205,31.6709166039,11.5642404456,12.4253271337
36,2014-09-29,13.34,13.65,13.08,13.18,48000,13.18,99944.0,14.243,13.929,14.358,,14.769473676,13.929,13.088526324,-0.34959296698,-0.280626171269,-0.0689667957115,34.8482835078,12.9268292683,12.4462130849
37,2014-09-26,13.27,13.5,13.15,13.49,82200,13.49,100456.0,14.3173333333,13.9705,14.385,,14.7377150937,13.9705,13.2032849063,-0.329036249398,-0.263384472341,-0.0656517770569,38.8558643132,13.9291158537,12.322906361
38,2014-09-25,13.41,13.43,13.15,13.23,82600,13.23,100244.0,14.3943333333,13.9935,14.4022,,14.7286265197,13.9935,13.2583734803,-0.329576057147,-0.246971528076,-0.0826045290702,32.8409048705,11.2811229675,15.3630904909
39,2014-09-24,13.25,13.49,13.07,13.44,78100,13.44,101532.0,14.4803333333,14.037,14.431,,14.6839343089,14.037,13.3900656911,-0.298998487297,-0.226320395809,-0.0726780914879,35.4569194312,11.64778425,23.134283259
40,2014-09-23,13.25,13.77,13.23,13.38,202600,13.38,101784.0,14.5546666667,14.085,14.4632,,14.6886389649,14.085,13.4813610351,-0.277003138328,-0.208150872937,-0.068852265391,34.0634464328,12.4336023731,34.9218405077
41,2014-09-22,13.67,13.75,13.2,13.39,169900,13.39,100046.0,14.6226666667,14.148,14.501,,14.7054082884,14.148,13.5905917116,-0.238790847268,-0.190937806589,-0.0478530406791,34.1776435261,26.0898523731,50.6371578632
42,2014-09-19,13.97,14.23,13.75,13.75,127900,13.75,98462.0,14.6783333333,14.2335,14.5364,,14.8232550339,14.2335,13.6437449661,-0.187562928901,-0.178974546419,-0.00858838248157,38.4913145825,42.3658940397,64.2143867446
43,2014-09-18,13.94,14.12,13.61,13.93,485100,13.93,98094.0,14.7046666667,14.308,14.5728,,15.0018760696,14.308,13.6141239304,-0.156103834128,-0.176827450799,0.0207236166709,40.8872677208,58.798013245,72.9413552094
44,2014-09-17,14.33,15.12,14.32,14.67,132600,14.67,90160.0,14.7086666667,14.3885,14.6128,,15.2432110623,14.3885,13.5337889377,-0.132007261031,-0.182008354967,0.0500010939359,53.6313603738,75.2948717949,76.1682484182
45,2014-09-16,14.2,14.5,14.1,14.29,75800,14.29,89762.0,14.6626666667,14.456,14.6366,,15.5645197337,14.456,13.3474802663,-0.174676620299,-0.194508628451,0.0198320081519,45.5368457096,80.3987678988,71.4864102244
46,2014-09-15,14.35,14.5,14.1,14.29,92000,14.29,90064.0,14.628,14.527,14.6832,,15.7589269459,14.527,13.2950730541,-0.187906578924,-0.199466630489,0.0115600515649,45.5368457096,77.2737678988,62.3236298957
47,2014-09-12,14.34,14.44,14.2,14.34,48500,14.34,88558.0,14.5893333333,14.583,14.7378,,15.8674469627,14.583,13.2985530373,-0.202059630421,-0.20235664338,0.000297012959105,46.4569438156,71.7055860806,51.5845221335
48,2014-09-11,14.03,14.37,14.03,14.31,52300,14.31,88838.0,14.555,14.656,14.7872,,16.0390748353,14.656,13.2729251647,-0.222275930616,-0.20243089662,-0.0198450339966,45.8473259778,56.5675190194,39.9711217462
49,2014-09-10,14.12,14.2,14.05,14.15,38200,14.15,90670.0,14.551,14.731,14.8384,,16.1914095316,14.731,13.2705904684,-0.241791631148,-0.197469638121,-0.0443219930273,42.6114346974,43.7476465842,31.5765217892
50,2014-09-09,14.07,14.22,13.99,14.18,98000,14.18,92038.0,14.555,14.807,14.8868,,16.296471047,14.807,13.317528953,-0.246892883373,-0.186389139864,-0.0605037435095,43.0594148022,34.3173368497,25.0923991754
51,2014-09-08,14.03,14.13,13.95,14.05,135200,14.05,108130.0,14.567,14.869,14.9288,,16.352130473,14.869,13.385869527,-0.252867312455,-0.171263203986,-0.081604108469,40.5442657257,25.2519845313,20.0800602167
52,2014-09-05,14.11,14.43,14.04,14.16,25400,14.16,106276.0,14.5876666667,14.9195,14.9906,,16.3556820915,14.9195,13.4833179085,-0.243578422848,-0.150862176869,-0.0927162459791,42.0019932549,22.9891191915,17.2519125687
53,2014-09-04,14.12,14.3,13.87,14.16,39300,14.16,106772.0,14.606,14.9385,15.0424,,16.3437085255,14.9385,13.5332914745,-0.239379463054,-0.127683115374,-0.111696347679,42.0019932549,17.8111561289,14.8443862377
54,2014-09-03,14.16,14.29,13.66,14.01,96700,14.01,108226.0,14.6226666667,14.933,15.102,,16.3511551396,14.933,13.5148448604,-0.230538180362,-0.0997590284545,-0.130779151908,39.441945679,14.267981015,13.4395293984
55,2014-09-02,14.01,14.22,13.9,14.18,46700,14.18,108278.0,14.645,14.897,15.1718,,16.4382605231,14.897,13.3557394769,-0.20062747874,-0.0670642404775,-0.133563238263,41.3633726834,13.9393939394,13.12481243
56,2014-08-29,13.95,14.24,13.8,14.01,41500,14.01,112368.0,14.644,14.8505,15.232,,16.5257728136,14.8505,13.1752271864,-0.176841419888,-0.0336734309119,-0.143167988976,38.5852356358,13.3590138675,14.3809342983
57,2014-08-28,13.9,14.35,13.84,13.95,61300,13.95,112376.0,14.6613333333,14.8065,15.2924,,16.6091455558,14.8065,13.0038544442,-0.126600429573,0.00211856633213,-0.128718995905,37.616575243,12.1917287716,18.363106402
58,2014-08-27,14.48,14.48,13.6,14.1,87600,14.1,113162.0,14.6746666667,14.7745,15.3504,,16.6577469302,14.7745,12.8912530698,-0.0545241047767,0.0342983153083,-0.088822420085,39.046236876,13.0091131416,27.0410197635
59,2014-08-26,14.7,14.7,13.95,14.4,79700,14.4,112990.0,14.6936666667,14.779,15.4002,,16.6561989772,14.779,12.9018010228,0.0229918458507,0.0565039203296,-0.0335120744789,42.01153139,18.9638814126,40.1673051721
60,2014-08-25,15.18,15.29,14.45,14.64,84200,14.64,114428.0,14.7153333333,14.7725,15.4512,,16.6557936574,14.7725,12.8892063426,0.0910505050754,0.0648819389493,0.0261685661261,44.5233102394,29.2877022823,54.3549917339
61,2014-08-22,15.17,15.25,14.81,15.1,56700,15.1,113796.0,14.7363333333,14.7675,15.4806,,16.652704233,14.7675,12.882295767,0.15215736823,0.0583397974178,0.0938175708125,49.8251064222,46.9033822176,68.1091962123
62,2014-08-21,15.47,15.86,15.23,15.24,62500,15.24,114520.0,14.7383333333,14.746,15.4908,,16.6253445666,14.746,12.8666554334,0.181102384574,0.0348854047146,0.146216979859,51.5602528943,65.5142547758,78.6688911615
63,2014-08-20,16.05,16.09,15.5,15.54,45700,15.54,115658.0,14.7493333333,14.7195,15.5044,,16.5851309925,14.7195,12.8538690075,0.201157988931,-0.00166884025009,0.202826829181,55.3990841993,75.71462766,85.0333392814
64,2014-08-19,15.8,16.9,15.68,16.02,159000,16.02,117572.0,14.7623333333,14.6755,15.5136,,16.5027654432,14.6755,12.8482345568,0.193284844108,-0.0523755475453,0.245660391653,62.2892984725,84.3045201956,89.4218761031
65,2014-08-18,15.59,15.97,15.34,15.71,54400,15.71,116696.0,14.757,14.6085,15.5112,,16.3287938702,14.6085,12.8882061298,0.131551705165,-0.113790645459,0.245342350623,59.2498474137,89.1421620145,91.986980984
66,2014-08-15,15.91,15.91,14.95,15.41,87400,15.41,117610.0,14.7873333333,14.5305,15.5108,,16.1841199684,14.5305,12.8768800316,0.0824079284749,-0.175126233114,0.257534161589,56.0679443425,90.9720472556,92.3606848494
67,2014-08-14,15.78,16.12,15.56,15.8,55600,15.8,117510.0,14.841,14.4865,15.5114,,16.0902490452,14.4865,12.8827509548,0.0490293927222,-0.239509773512,0.288539166234,61.9027488559,93.2687749467,90.2397204656
68,2014-08-13,15.78,15.89,15.63,15.81,56300,15.81,117090.0,14.8746666667,14.414,15.4956,,15.9004911705,14.414,12.9275088295,-0.0339960022599,-0.31164456507,0.27764856281,62.0565111117,94.5649397194,83.8515203674
69,2014-08-12,15.41,15.81,15.19,15.67,97900,15.67,117036.0,14.91,14.357,15.478,,15.7060752388,14.357,13.0079247612,-0.140490291822,-0.381056705773,0.24056641395,60.7903887003,90.636977476,72.8920777097
70,2014-08-11,15.16,15.77,15.16,15.42,95700,15.42,116122.0,14.94,14.326,15.465,,15.5779648557,14.326,13.0740351443,-0.260117689892,-0.44119830926,0.181080619368,58.49382533,82.4881897204,59.2325745415
71,2014-08-08,14.61,15.16,14.18,15.06,116300,15.06,116976.0,14.9686666667,14.3185,15.455,,15.5457126955,14.3185,13.0912873045,-0.383567675211,-0.486468464102,0.102900788891,54.9669063061,67.7159745538,44.1010854037
72,2014-08-07,14.07,14.97,13.77,14.54,105500,14.54,116604.0,15.038,14.3235,15.45,,15.5635044355,14.3235,13.0834955645,-0.498901035744,-0.512193661325,0.0132926255816,49.1741751328,50.7271690885,32.177345888
73,2014-08-06,13.13,14.05,12.86,14.05,234900,14.05,116162.0,15.1116666667,14.375,15.4552,,15.727176024,14.375,13.022823976,-0.585906146303,-0.515516817721,-0.0703893285821,42.7280017876,35.9989648033,23.4117925871
74,2014-08-05,13.75,14.21,12.61,13.29,362800,13.29,113600.0,15.2146666667,14.469,15.4662,,15.9708375411,14.469,12.9671624589,-0.638543125288,-0.497919485575,-0.140623639713,29.9285460714,21.9622331691,18.9087704835
75,2014-08-04,14.04,14.05,12.81,13.25,154400,13.25,110654.0,15.355,14.5975,15.4738,,16.1135590358,14.5975,13.0814409642,-0.619057333008,-0.462763575647,-0.156293757361,29.1547588292,20.0210164911,19.4900696451
76,2014-08-01,13.28,13.51,12.6,13.13,73800,13.13,109212.0,15.4863333333,14.766,15.4716,,16.3907510579,14.766,13.1412489421,-0.581109178744,-0.423690136307,-0.157419042437,26.9062358246,15.664955885,21.3355878561
77,2014-07-31,13.99,14.38,13.19,13.31,106200,13.31,109128.0,15.6163333333,14.9605,15.4668,,16.6836654012,14.9605,13.2373345988,-0.512002855611,-0.384335375697,-0.127667479913,28.150700082,17.9868763887,25.1784486585
78,2014-07-30,14.42,14.49,13.98,14.19,51800,14.19,108646.0,15.7343333333,15.1355,15.4662,,16.8635332751,15.1355,13.4074667249,-0.434678016185,-0.352418505719,-0.0822595104657,35.6323946969,24.2874298157,27.8856176263
79,2014-07-29,14.58,14.9,14.21,14.27,74600,14.27,108784.0,15.8143333333,15.2695,15.4586,,17.096294734,15.2695,13.442705266,-0.419260813627,-0.331853628103,-0.0874071855248,36.4501680285,27.4030893349,27.0114753979
80,2014-07-28,14.72,14.88,14.18,14.54,119400,14.54,108702.0,15.9036666667,15.3845,15.4482,,17.2345645935,15.3845,13.5344354065,-0.401629972347,-0.310001831721,-0.0916281406255,39.2750042113,31.0363990945,23.8547041235
81,2014-07-25,14.6,14.83,14.44,14.67,67000,14.67,107854.0,15.956,15.4715,15.431,,17.3181756618,15.4715,13.6248243382,-0.400775626242,-0.287094796565,-0.113680829677,40.6846810127,28.8155522601,18.4462767505
82,2014-07-24,14.71,14.84,14.54,14.71,65500,14.71,108846.0,15.9873333333,15.595,15.4178,,17.5385791726,15.595,13.6514208274,-0.407092069923,-0.258674589146,-0.148417480777,41.1062249648,20.790860902,12.5752597988
83,2014-07-23,14.88,14.91,14.46,14.66,65700,14.66,113406.0,16.0276666667,15.697,15.3934,,17.6581333458,15.697,13.7358666542,-0.413305537022,-0.221570218951,-0.191735318071,40.3893203923,14.7760042375,9.72326153647
84,2014-07-22,14.28,14.89,14.21,14.68,73700,14.68,113744.0,16.0723333333,15.821,15.3544,,17.8174758952,15.821,13.8245241048,-0.41013355449,-0.173636389434,-0.236497165056,40.5727636933,9.40268960226,8.9150062899
85,2014-07-21,14.52,14.72,14.15,14.15,43000,14.15,119708.0,16.113,15.962,15.3088,,18.0137855638,15.962,13.9102144362,-0.402155735993,-0.11451209817,-0.287643637823,33.0953229432,5.33148445347,9.45467251366
86,2014-07-18,14.38,14.93,14.22,14.53,73600,14.53,133876.0,16.1643333333,16.114,15.246,,18.0536741994,16.114,14.1743258006,-0.332159964225,-0.0426011887139,-0.289558775511,36.121210508,9.38286785268,11.7154921907
87,2014-07-17,14.51,14.55,14.24,14.35,71600,14.35,134596.0,16.1946666667,16.239,15.2148,,18.0736214868,16.239,14.4043785132,-0.276679397869,0.0297885051638,-0.306467903033,33.4446737951,11.5429832512,14.2092835345
88,2014-07-16,15.15,15.27,14.48,14.67,147000,14.67,137254.0,16.2166666667,16.364,15.1986,,17.9962793878,16.364,14.7317206122,-0.183514320116,0.106405480922,-0.289919801038,35.9298963187,11.5613544973,16.7215566669
89,2014-07-15,15.31,15.36,14.64,15.05,90700,15.05,135096.0,16.2253333333,16.46,15.1952,,17.8965792704,16.46,15.0234207296,-0.0945143216726,0.178885431182,-0.273399752854,39.1366926107,14.3747631616,21.1548070073
90,2014-07-14,15.33,15.77,14.82,15.27,115700,15.27,138562.0,16.2243333333,16.555,15.1884,,17.8503995523,16.555,15.2596004477,-0.0182341153443,0.247235369395,-0.265469484739,41.1091532284,19.3580332277,27.3013557154
91,2014-07-11,15.57,15.72,15.08,15.16,90700,15.16,138376.0,16.2126666667,16.597,15.1828,,17.7718889309,16.597,15.4221110691,0.0569923896834,0.31360274058,-0.256610350896,39.698109515,21.5920757809,32.7716358312
92,2014-07-10,15.56,16.17,15.27,15.57,109500,15.57,138576.0,16.201,16.6195,15.1794,,17.6966160569,16.6195,15.5423839431,0.163379784978,0.377755328304,-0.214375543326,43.2878691117,29.294355859,38.9657956569
93,2014-07-09,15.88,16.42,15.21,15.93,88400,15.93,137964.0,16.1753333333,16.637,15.164,,17.6550982271,16.637,15.6189017729,0.255046899918,0.431349214136,-0.176302314218,46.7334062631,38.9609579941,43.0598044575
94,2014-07-08,16.57,16.67,15.2,15.86,112700,15.86,140198.0,16.131,16.6405,15.1468,,17.6492908604,16.6405,15.6317091396,0.331683153533,0.47542479269,-0.143741639157,45.9567242449,41.2391536907,43.0156634814
95,2014-07-07,16.96,17.17,16.51,16.62,90900,16.62,139052.0,16.058,16.6425,15.1282,,17.6452337633,16.6425,15.6397662367,0.431801671369,0.511360202479,-0.0795585311104,53.8766215063,46.3687150838,44.1239704957
96,2014-07-03,16.93,17.11,16.87,17.02,16700,17.02,138960.0,15.942,16.596,15.097,,17.6814381604,16.596,15.5105618396,0.475926737096,0.531249835257,-0.0553230981612,58.8316135107,45.6703910615,44.4425123925
97,2014-07-02,16.93,17.07,16.72,16.81,62500,16.81,144164.0,15.8043333333,16.517,15.0564,,17.6936579792,16.517,15.3403420208,0.484596522993,0.545080609797,-0.0604840868043,56.8991884011,38.7843940897,47.4956210362
98,2014-07-01,16.6,16.92,16.5,16.87,143900,16.87,144624.0,15.6866666667,16.427,15.0402,,17.7645963517,16.427,15.0894036483,0.509995463931,0.560201631498,-0.0502061675673,57.6167092894,45.6723817478,55.9219074511
99,2014-06-30,16.41,16.7,16.0,16.57,106600,16.57,142992.0,15.5846666667,16.33,15.0204,,17.7998571359,16.33,14.8601428641,0.528886541798,0.57275317339,-0.0438666315918,54.9809217754,47.6428826711,64.2912655241
100,2014-06-27,17.07,17.17,16.21,16.28,902600,16.28,142492.0,15.4906666667,16.2525,15.0136,,17.8235362822,16.2525,14.6814637178,0.575850986032,0.583719831288,-0.00786884525608,52.3192736153,57.8828256364,74.8174389192
101,2014-06-26,16.63,17.22,16.63,17.14,42500,17.14,129802.0,15.404,16.1845,15.0136,,17.8591996746,16.1845,14.5098003254,0.656945953239,0.585687042602,0.0712589106367,62.4935914803,72.489539749,83.9399391071
102,2014-06-25,17.14,17.18,16.63,16.75,50200,16.75,135716.0,15.2996666667,16.068,14.9752,,17.784270375,16.068,14.351729625,0.663333406608,0.567872314943,0.0954610916655,59.1482896149,79.14981404,88.9299048297
103,2014-06-24,17.49,17.55,16.82,17.14,112000,17.14,140094.0,15.191,15.9705,14.9288,,17.7414034417,15.9705,14.1995965583,0.701546724813,0.544007042026,0.157539682787,64.4894259111,89.7475762514,92.0794401682
104,2014-06-23,17.22,17.79,17.18,17.5,99300,17.5,144094.0,15.0433333333,15.8435,14.8626,,17.624985616,15.8435,14.062014384,0.700407407688,0.50462212133,0.195785286358,69.8997097845,94.3728263879,91.4692041174
105,2014-06-20,16.99,17.2,16.55,17.19,251200,17.19,148208.0,14.8733333333,15.652,14.7968,,17.5021416162,15.652,13.8018583838,0.652110935173,0.45567579974,0.196435135433,67.7353310135,92.4494026395,87.3294671266
106,2014-06-19,16.86,17.05,16.5,17.03,41900,17.03,149818.0,14.6673333333,15.4495,14.736,,17.461449055,15.4495,13.437550945,0.612545460287,0.406567015882,0.205978444405,66.5837516379,91.7479553939,83.0695324331
107,2014-06-18,16.68,17.0,16.3,16.85,100600,16.85,153088.0,14.532,15.2425,14.6738,,17.4074838337,15.2425,13.0775161663,0.569426683829,0.355072404781,0.214354279049,65.2895722797,87.3066320481,77.7745890392
108,2014-06-17,17.04,17.05,16.18,16.59,79000,16.59,155680.0,14.4216666667,15.064,14.6286,,17.2578951661,15.064,12.8701048339,0.524436148295,0.301483835019,0.222952313276,63.3877064582,77.8138784249,74.0862254679
109,2014-06-16,16.15,17.03,15.65,16.95,151600,16.95,156744.0,14.352,14.925,14.612,,17.0661819166,14.925,12.7838180834,0.485856429873,0.2457457567,0.240110673174,68.191622418,75.4096638655,74.7762586358
110,2014-06-13,15.73,16.15,15.4,16.11,52600,16.11,156780.0,14.2773333333,14.765,14.6232,,16.7495049761,14.765,12.7804950239,0.392893132108,0.185718088406,0.207175043702,61.9424364952,70.5681818182,77.3669657818
111,2014-06-12,15.87,16.15,15.6,15.61,92900,15.61,159360.0,14.24,14.6435,14.6604,,16.5807276583,14.6435,12.7062723417,0.354050622857,0.133924327481,0.220126295377,57.3063533757,72.553177763,81.8682377621
112,2014-06-11,15.9,16.22,15.6,15.92,119400,15.92,162504.0,14.2193333333,14.5635,14.7098,,16.4663113411,14.5635,12.6606886589,0.350232720172,0.0788927536363,0.271339966536,61.6284929443,80.5740110964,86.080659695
113,2014-06-10,15.8,16.45,15.74,16.0,141400,16.0,162392.0,14.182,14.442,14.7642,,16.2924334627,14.442,12.5915665373,0.308701757542,0.0110577620023,0.29764399554,62.7628300569,85.7724924497,88.9483276118
114,2014-06-09,15.73,16.2,15.57,15.9,115200,15.9,163700.0,14.151,14.2775,14.816,,16.1296217563,14.2775,12.4253782437,0.24305748513,-0.0633532368826,0.306410722013,61.9499219107,88.5732697393,90.5550245976
115,2014-06-06,15.57,16.18,15.27,15.69,100100,15.69,164790.0,14.1186666667,14.1025,14.8488,,15.9696783525,14.1025,12.2353216475,0.165917959468,-0.139955917386,0.305873876854,60.2581268483,89.4028654946,91.4036750343
116,2014-06-05,15.05,15.69,14.75,15.44,82400,15.44,167354.0,14.0976666667,13.8685,14.9076,,16.0309086108,13.8685,11.7060913892,0.0864283400305,-0.216424386599,0.30285272663,58.2038224467,92.0446827637,91.7627248509
117,2014-06-04,14.8,15.32,14.73,15.01,34600,15.01,171552.0,14.0826666667,13.745,14.9848,,15.8144298732,13.745,11.6755701268,0.00916808627523,-0.292137568257,0.301305654532,54.4426930887,92.1992803929,90.8641100806
118,2014-06-03,15.06,15.06,14.65,14.93,53600,14.93,178094.0,14.1156666667,13.6715,15.0698,,15.6587823151,13.6715,11.6842176849,-0.0457956279545,-0.36746398189,0.321668353935,53.7232753093,91.9678714859,88.5833814942
119,2014-06-02,14.86,15.05,14.66,15.02,52200,15.02,270512.0,14.1473333333,13.65,15.1712,,15.5911233861,13.65,11.7088766139,-0.107137741347,-0.447881070373,0.340743329027,54.6243847105,90.8390647611,84.9163953621
120,2014-05-30,15.0,15.02,14.79,14.92,138400,14.92,,14.1876666667,13.6345,,,15.5361674262,13.6345,11.7328325738,-0.193037853475,-0.53306690263,0.340029049155,53.8253016717,88.4502236825,79.5563452229
121,2014-05-29,14.84,15.12,14.66,14.81,97700,14.81,,14.233,13.638,,,15.5493513544,13.638,11.7266486456,-0.28968799145,-0.618074164919,0.328386173469,52.9795077524,83.0763660472,73.5697087696
122,2014-05-28,14.66,15.1,14.47,14.8,83400,14.8,,14.2466666667,13.647,,,15.5818912114,13.647,11.7121087886,-0.397635069498,-0.700170708286,0.302535638788,52.9066891486,77.2999269575,69.2650294705
123,2014-05-27,13.62,14.98,13.46,14.6,106800,14.6,,14.2343333333,13.647,,,15.5818912114,13.647,11.7121087886,-0.528612829924,-0.775804617983,0.247191788059,51.5121410561,69.3988642045,67.001050853
124,2014-05-23,13.11,13.79,12.82,13.67,215500,13.67,,14.2086666667,13.6705,,,15.661715458,13.6705,11.679284542,-0.66773553025,-0.837602564998,0.169867034748,44.4034360414,64.5036778691,67.3153765183
125,2014-05-22,13.02,13.17,12.8,13.14,82300,13.14,,14.2266666667,13.7335,,,15.7990098644,13.7335,11.6679901356,-0.740903260045,-0.880069323685,0.13916606364,39.7273089612,65.8576488511,69.2694036461
126,2014-05-21,13.38,13.81,12.63,12.89,69600,12.89,,14.2603333333,13.8295,,,15.9533971256,13.8295,11.7056028744,-0.769551478655,-0.914860839595,0.14530936094,37.4219429599,68.2440124875,69.9345313603
127,2014-05-20,13.75,14.11,13.25,13.28,82100,13.28,,14.2946666667,13.9345,,,16.069835805,13.9345,11.799164195,-0.769469001628,-0.95118817983,0.181719178203,39.6169732044,70.6561668654,68.0633585693
128,2014-05-19,13.72,14.17,13.59,13.81,58700,13.81,,14.3383333333,14.0705,,,16.3624989092,14.0705,11.7785010908,-0.797880545471,-0.996617974381,0.19873742891,42.783766924,72.3197863805,63.7148017713
129,2014-05-16,13.78,13.89,13.53,13.75,70500,13.75,,14.4033333333,14.174,,,16.5930279039,14.174,11.7549720961,-0.876502108042,-1.04630233161,0.169800223566,42.2989104549,68.5181597077,54.4442680993
130,2014-05-15,13.84,14.42,13.53,13.68,77000,13.68,,14.5286666667,14.298,,,16.866981121,14.298,11.729018879,-0.957993599062,-1.0887523875,0.130758788438,41.7642901958,60.7593213238,42.6892715669
131,2014-05-14,13.3,14.25,13.3,14.01,116600,14.01,,14.6716666667,14.428,,,17.1189745447,14.428,11.7370254553,-1.04094464979,-1.12144208461,0.080497434815,43.5298387819,53.2619396732,31.3238139884
132,2014-05-13,12.73,13.75,12.18,13.49,293500,13.49,,14.8073333333,14.4885,,,17.1935343806,14.4885,11.7834656194,-1.16527934146,-1.14156644331,-0.0237128981472,39.806533524,35.2376516926,20.1180446577
133,2014-05-12,12.61,12.72,11.88,12.71,82600,12.71,,14.979,14.5355,,,17.2018943819,14.5355,11.8691056181,-1.2540806484,-1.13563821878,-0.118442429625,33.7195575036,21.4981735781,13.9641658611
134,2014-05-09,11.0,12.58,10.82,12.4,371900,12.4,,15.175,14.5915,,,17.1469199264,14.5915,12.0360800736,-1.26976405256,-1.10602761137,-0.163736441188,31.1501213958,15.2974910098,12.1907300209
135,2014-05-08,14.5,14.5,10.95,11.01,751400,11.01,,15.3463333333,14.682,,,17.0412337739,14.682,12.3227662261,-1.23974884764,-1.06509350107,-0.17465534657,17.898393784,8.43886235036,12.1301461853
136,2014-05-07,13.71,13.71,12.8,12.97,109600,12.97,,15.6003333333,14.839,,,16.5204505642,14.839,13.1575494358,,,,23.9288048517,10.6221365061,15.5156506477
137,2014-05-06,14.34,14.76,12.99,13.54,204500,13.54,,15.8113333333,14.8865,,,16.3992891459,14.8865,13.3737108541,,,,26.3238661508,14.4044302173,20.5587267349
138,2014-05-05,14.41,14.78,14.3,14.5,39100,14.5,,16.002,14.939,,,16.3291352452,14.939,13.5488647548,,,,31.2091427623,15.0551556672,25.8913077633
139,2014-05-02,14.88,15.16,14.49,14.71,264000,14.71,,16.1853333333,15.002,,,16.4207543833,15.002,13.5832456167,,,,32.4317098776,21.9808802001,32.5797372765
140,2014-05-01,14.95,15.11,14.58,14.99,106400,14.99,,,15.142,,,16.9239719414,15.142,13.3600280586,,,,34.0848365739,30.794440855,38.4191346306
141,2014-04-30,14.76,15.22,14.55,14.99,100700,14.99,,,15.291,,,17.4546811225,15.291,13.1273188775,,,,34.0848365739,35.7347543306,44.2292057788
142,2014-04-29,15.19,15.19,14.7,14.8,78900,14.8,,,15.4455,,,17.9200947143,15.4455,12.9709052857,,,,32.0585671186,41.8088737201,51.0550038371
143,2014-04-28,15.14,15.15,14.68,15.07,200100,15.07,,,15.6375,,,18.4541993095,15.6375,12.8208006905,,,,33.4139603007,45.3384696165,58.1288666536
144,2014-04-25,14.9,15.17,14.62,14.93,55400,14.93,,,15.8135,,,18.8939108492,15.8135,12.7330891508,,,,32.030343416,54.0347254478,64.9828475185
145,2014-04-24,15.22,15.77,14.67,15.06,86300,15.06,,,15.944,,,19.0841999936,15.944,12.8038000064,,,,32.6146982841,63.0379465638,66.9362341449
146,2014-04-23,16.02,16.02,14.65,14.99,276900,14.99,,,16.1225,,,19.4421438062,16.1225,12.8028561938,,,,31.9943579482,70.1043249864,63.199046127
147,2014-04-22,15.94,16.66,15.25,16.0,85500,16.0,,,16.338,,,19.8872342836,16.338,12.7887657164,,,,36.4957375529,72.7543930759,53.7061151091
148,2014-04-21,16.1,16.24,15.15,15.88,62300,15.88,,,16.501,,,20.2660439572,16.501,12.7359560428,,,,35.4944835037,61.8482719534,40.7552037377
149,2014-04-17,16.17,16.66,15.44,16.23,81600,16.23,,,16.707,,,20.7538857162,16.707,12.6601142838,,,,37.0777609453,48.0891944924,29.1908979717
150,2014-04-16,15.73,16.67,15.35,16.28,268100,16.28,,,,,,,,,,,,37.2984619771,32.1326009148,19.7724359696
151,2014-04-15,14.22,15.55,13.74,15.22,338200,15.22,,,,,,,,,,,,28.9761009573,20.9507475901,13.8376518425
152,2014-04-14,14.19,14.5,13.89,14.43,269100,14.43,,,,,,,,,,,,21.7922977539,15.5910488896,9.94766149106
153,2014-04-11,13.84,14.55,13.77,13.83,312000,13.83,,,,,,,,,,,,15.7850046701,10.4153464837,7.2920764663
154,2014-04-10,14.51,14.67,14.08,14.21,305000,14.21,,,,,,,,,,,,16.5317919075,,
155,2014-04-09,14.46,14.49,13.29,14.15,331700,14.15,,,,,,,,,,,,,,
156,2014-04-08,14.76,15.02,13.87,13.92,205400,13.92,,,,,,,,,,,,,,
157,2014-04-07,15.51,15.6,14.52,14.59,230200,14.59,,,,,,,,,,,,,,
158,2014-04-04,17.3,17.3,15.56,15.76,132200,15.76,,,,,,,,,,,,,,
159,2014-04-03,18.2,18.2,16.93,17.51,153400,17.51,,,,,,,,,,,,,,
160,2014-04-02,18.03,18.57,17.81,17.97,181600,17.97,,,,,,,,,,,,,,
161,2014-04-01,18.57,18.57,17.8,18.08,250100,18.08,,,,,,,,,,,,,,
162,2014-03-31,18.81,18.98,18.36,18.64,113800,18.64,,,,,,,,,,,,,,
163,2014-03-28,17.84,18.69,17.22,18.59,206800,18.59,,,,,,,,,,,,,,
164,2014-03-27,18.97,18.97,17.39,17.54,169700,17.54,,,,,,,,,,,,,,
165,2014-03-26,19.16,19.5,18.0,18.63,228300,18.63,,,,,,,,,,,,,,
166,2014-03-25,19.37,19.51,18.8,19.3,292300,19.3,,,,,,,,,,,,,,
167,2014-03-24,20.37,20.37,18.5,19.26,361700,19.26,,,,,,,,,,,,,,
168,2014-03-21,21.0,21.25,19.0,20.0,4674500,20.0,,,,,,,,,,,,,,
