,Date,Open,High,Low,Close,Volume,Adj Close,50DayAvgVol,30DaySMA,4WeekSMA,10WeekSMA,30WeekSMA,20.2UpperBB,20.2MiddleBB,20.2LowerBB,12.26.9MACD,12.26.9MACDSignal,12.26.9MACDHist,RSI14,10.4STOC,10.4.4STOC
0,2014-11-18,4.38,5.44,4.38,5.44,536400,5.44,25660.0,5.51366666667,5.483,5.8656,6.66886666667,5.9844020343,5.483,4.9815979657,-0.163918150217,-0.137591579112,-0.0263265711045,47.8929970182,35.2785145889,24.6662020246
1,2014-11-17,5.1,5.11,4.3,4.76,22800,4.76,14974.0,5.523,5.5065,5.8952,6.68593333333,6.04062638954,5.5065,4.97237361046,-0.184765499632,-0.131009936336,-0.0537555632962,28.6829663041,15.6233421751,28.856777459
2,2014-11-14,5.18,5.21,5.12,5.2,5000,5.2,14612.0,5.552,5.54,5.9368,6.70753333333,5.9529406737,5.54,5.1270593263,-0.139450436528,-0.117571045512,-0.0218793910161,36.8443052947,16.8759811617,44.0835949765
3,2014-11-13,5.39,5.39,5.1,5.2,11700,5.2,14574.0,5.57366666667,5.5665,5.9672,6.72633333333,5.95612931101,5.5665,5.17687068899,-0.124383567817,-0.112101197758,-0.0122823700585,36.8443052947,30.8869701727,62.5836873211
4,2014-11-12,5.36,5.42,5.26,5.26,1700,5.26,14848.0,5.59666666667,5.5945,6.0018,6.7448,5.95408170143,5.5945,5.23491829857,-0.103343548947,-0.109030605243,0.00568705629621,38.1196131849,52.0408163265,77.451424118
5,2014-11-11,5.41,5.5,5.27,5.44,3100,5.44,14922.0,5.61866666667,5.601,6.03,6.76306666667,5.94028748872,5.601,5.26171251128,-0.0810947459694,-0.110452369318,0.0293576233481,42.1874603524,76.5306122449,84.8347534306
6,2014-11-10,5.5,5.7,5.38,5.61,12400,5.61,15022.0,5.642,5.601,6.0532,6.7798,5.94028748872,5.601,5.26171251128,-0.0698448956818,-0.117791775155,0.0479468794727,46.5432243619,90.8763505402,81.3245361353
7,2014-11-07,5.74,5.75,5.59,5.75,1600,5.75,14782.0,5.66666666667,5.594,6.0692,6.796,5.938,5.594,5.25,-0.0717791610139,-0.129778495023,0.0579993340089,50.5330199355,90.3579173605,70.7948556493
8,2014-11-06,5.63,5.75,5.46,5.74,4200,5.74,14776.0,5.68633333333,5.582,6.0788,6.811,5.92008874575,5.582,5.24391125425,-0.0874584718775,-0.144278328525,0.0568198566475,50.2501588805,81.5741335767,59.01618712
9,2014-11-05,5.74,5.75,5.51,5.74,14700,5.74,14986.0,5.709,5.573,6.089,6.82573333333,5.90327867022,5.573,5.24272132978,-0.105180669062,-0.158483292687,0.0533026236253,50.2501588805,62.4897430637,45.3794104826
10,2014-11-04,5.34,5.75,5.34,5.69,10700,5.69,14818.0,5.72766666667,5.5635,6.1008,6.8408,5.88482693631,5.5635,5.24217306369,-0.126270736463,-0.171808948593,0.0455382121303,48.9927090848,48.7576285963,35.8766658363
11,2014-11-03,5.71,5.75,5.43,5.74,8400,5.74,14728.0,5.74866666667,5.565,6.1088,,5.88894443968,5.565,5.24105556032,-0.146261757234,-0.183193501626,0.0369317443919,50.1702070534,43.2432432432,28.5524784238
12,2014-10-31,5.31,5.56,5.26,5.42,6200,5.42,14850.0,5.76633333333,5.5595,6.1142,,5.87499801901,5.5595,5.24400198099,-0.174741034549,-0.192426437724,0.0176854031747,41.8669805901,27.027027027,22.8677180332
13,2014-10-30,5.57,5.58,5.3,5.55,6500,5.55,14966.0,5.809,5.581,6.1244,,5.91368002645,5.581,5.24831997355,-0.175967442547,-0.196847788517,0.0208803459704,44.675213522,24.4787644788,25.1892175789
14,2014-10-29,5.37,5.71,5.28,5.61,5200,5.61,15042.0,5.84866666667,5.598,6.1298,,5.95636294451,5.598,5.23963705549,-0.188209622318,-0.20206787501,0.0138582526918,45.9974792256,19.4608789462,32.8562911651
15,2014-10-28,5.26,5.26,5.26,5.26,1000,5.26,15018.0,5.885,5.6135,6.1404,,5.99842986374,5.6135,5.22857013626,-0.207206591811,-0.205532438183,-0.00167415362774,35.6868833918,20.5042016807,41.931022409
16,2014-10-27,5.34,5.68,5.3,5.38,5500,5.38,17126.0,5.94133333333,5.6575,6.1532,,6.07087029405,5.6575,5.24412970595,-0.192803355173,-0.205113899776,0.0123105446031,37.9965110359,36.3130252101,52.5525210084
17,2014-10-24,5.6,5.6,5.33,5.45,8600,5.45,17140.0,5.99333333333,5.706,6.1626,,6.19791056098,5.706,5.21408943902,-0.183833357062,-0.208191535927,0.024358178865,39.3769181234,55.1470588235,59.7778045644
18,2014-10-23,5.76,5.77,5.61,5.67,11400,5.67,17216.0,6.04166666667,5.7505,6.1726,,6.29944353079,5.7505,5.20155646921,-0.176837710643,-0.214281080643,0.0374433700004,44.0469429532,55.7598039216,57.0910838451
19,2014-10-22,5.88,5.88,5.56,5.75,1500,5.75,17680.0,6.08233333333,5.788,6.1762,,6.40772897302,5.788,5.16827102698,-0.187736537058,-0.223641923143,0.0359053860847,45.8844350449,62.9901960784,52.9031376356
20,2014-10-21,5.73,6.0,5.51,5.91,41200,5.91,17868.0,6.12066666667,5.8155,6.1744,,6.47366335358,5.8155,5.15733664642,-0.207062144054,-0.232618269664,0.0255561256106,49.7378139207,65.2141594343,42.0032758906
21,2014-10-20,5.42,5.6,5.42,5.43,3700,5.43,17136.0,6.15433333333,5.836,6.1694,,6.5292647402,5.836,5.1427352598,-0.24500774216,-0.239007301067,-0.00600044109263,34.388320382,44.4001759461,26.0392265853
22,2014-10-17,5.4,5.73,5.4,5.73,4400,5.73,17142.0,6.20133333333,5.878,6.1756,,6.5695663381,5.878,5.1864336619,-0.241003647492,-0.237507190794,-0.00349645669861,41.7960112017,39.0080190834,15.3093749065
23,2014-10-16,5.32,5.81,5.32,5.76,9000,5.76,17070.0,6.23433333333,5.9265,6.178,,6.70084553011,5.9265,5.15215446989,-0.262932913608,-0.236633076619,-0.0262998369891,42.6491056755,19.3907490985,6.12756244331
24,2014-10-15,5.61,5.65,5.37,5.39,5800,5.39,16986.0,6.27333333333,5.9755,6.1826,,6.82215164029,5.9755,5.12884835971,-0.290152698162,-0.230058117372,-0.0600945807899,25.15346885,1.35796221323,2.64133350202
25,2014-10-14,5.63,5.65,5.44,5.44,1200,5.44,17188.0,6.316,6.041,6.2,,6.89894871642,6.041,5.18305128358,-0.2830019112,-0.215034472174,-0.0679674390261,26.1546725465,1.48076923077,4.18413461538
26,2014-10-13,5.51,5.72,5.45,5.47,2300,5.47,17250.0,6.35466666667,6.1165,6.2174,,7.0144370802,6.1165,5.2185629198,-0.274849424407,-0.198042612418,-0.0768068119892,26.7478435317,2.28076923077,6.9219284188
27,2014-10-10,5.62,5.62,5.51,5.51,29700,5.51,17904.0,6.386,6.19,6.2338,,7.10472400209,6.19,5.27527599791,-0.263500622363,-0.17884090942,-0.0846597129423,27.5205998438,5.44583333333,10.9090277778
28,2014-10-09,5.68,5.69,5.56,5.56,1800,5.56,17486.0,6.41,6.2595,6.2538,,7.16820182128,6.2595,5.35079817872,-0.249255415065,-0.157675981185,-0.0915794338799,28.4754829626,7.52916666667,13.2534989316
29,2014-10-08,5.72,5.72,5.51,5.55,8400,5.55,17550.0,6.433,6.326,6.279,,7.21464841192,6.326,5.43735158808,-0.232538726258,-0.134781122715,-0.0977576035431,28.0116088893,12.4319444444,14.7069058284
30,2014-10-07,5.76,5.83,5.51,5.72,7100,5.72,17568.0,6.459,6.3935,6.301,,7.24021778061,6.3935,5.54678221939,-0.206801589254,-0.110341721829,-0.0964598674245,31.2064869317,18.2291666667,14.6413562688
31,2014-10-06,5.62,5.8,5.61,5.63,6700,5.63,17538.0,6.47133333333,6.4535,6.3208,,7.27035433218,6.4535,5.63664566782,-0.18825271127,-0.086226754973,-0.102025956297,27.120165623,14.8237179487,12.575168571
32,2014-10-03,5.62,5.93,5.62,5.85,6600,5.85,17436.0,6.484,6.514,6.3474,,7.25349712643,6.514,5.77450287357,-0.152675740297,-0.0607202658988,-0.0919554743987,31.3465642779,13.3427942539,13.0738955475
33,2014-10-02,5.92,5.94,5.51,5.89,24000,5.89,17338.0,6.48666666667,6.5575,6.3686,,7.2354343626,6.5575,5.8795656374,-0.127445850216,-0.0377313972992,-0.0897144529166,32.1935971289,12.1697462059,14.5523861732
34,2014-10-01,6.14,6.15,5.91,5.92,323500,5.92,17034.0,6.48433333333,6.6095,6.3878,,7.23192991573,6.6095,5.98707008427,-0.0974623054173,-0.01530278407,-0.0821595213473,32.8110546386,9.96441587556,15.8459317306
35,2014-09-30,6.27,6.49,6.12,6.14,17600,6.14,10704.0,6.49166666667,6.647,6.408,,7.18313804193,6.647,6.11086195807,-0.0608293110685,0.0052370962668,-0.0660664073353,37.7400288067,16.8186258548,16.8569214047
36,2014-09-29,6.27,6.5,6.27,6.35,2600,6.35,10370.0,6.48366666667,6.67,6.4294,,7.15410742609,6.67,6.18589257391,-0.0355874992114,0.0217536981006,-0.057341197312,43.5370868501,19.2567567568,14.3807099353
37,2014-09-26,6.68,6.76,6.29,6.34,5000,6.34,10534.0,6.467,6.673,6.4428,,7.14982701266,6.673,6.19617298734,-0.0242339502707,0.0360889974286,-0.0603229476993,43.150964855,17.3439284355,12.0973306053
38,2014-09-25,6.3,6.72,6.3,6.42,16300,6.42,10680.0,6.454,6.6675,6.4554,,7.161782308,6.6675,6.173217692,-0.00837201761886,0.0511697343535,-0.0595417519723,45.4603666432,14.0083745718,12.1447511852
39,2014-09-24,6.31,6.95,6.21,6.3,5100,6.3,10554.0,6.435,6.659,6.472,,7.17536808577,6.659,6.14263191423,0.00384989667669,0.0660551723465,-0.0622052756698,41.0672550809,6.91377997716,18.8699302696
40,2014-09-23,6.52,6.54,6.31,6.32,2900,6.32,10750.0,6.41366666667,6.6605,6.4942,,7.1728465624,6.6605,6.1481534376,0.0316116869713,0.081606491264,-0.0499948042927,41.5856582704,10.1232394366,33.4032407612
41,2014-09-22,6.74,6.85,6.24,6.27,21900,6.27,10824.0,6.39166666667,6.649,6.5188,,7.2002494898,6.649,6.0977505102,0.0645496565915,0.0941051923372,-0.0295555357457,39.8222065515,17.5336107554,51.3079877578
42,2014-09-19,6.71,6.95,6.7,6.7,10700,6.7,10432.0,6.374,6.636,6.5472,,7.23277131298,6.636,6.03922868702,0.110742488265,0.101494076274,0.00924841199174,52.472078229,40.9090909091,70.4699904095
43,2014-09-18,6.72,6.74,6.7,6.74,12800,6.74,10436.0,6.34566666667,6.5975,6.5628,,7.26763058429,6.5975,5.92736941571,0.124308720863,0.0991819732756,0.0251267475877,53.9524781359,65.0470219436,83.4728514042
44,2014-09-17,6.9,6.93,6.7,6.7,11000,6.7,10860.0,6.32066666667,6.5515,6.5854,,7.29812641261,6.5515,5.80487358739,0.135743312712,0.0929002863787,0.0428430263335,52.7136768538,81.742227423,90.396330215
45,2014-09-16,6.95,6.95,6.83,6.95,3000,6.95,10720.0,6.306,6.5235,6.6064,,7.28754908219,6.5235,5.75945091781,0.152436289033,0.0821895297953,0.0702467592373,62.4667006932,94.1816213624,92.9315509463
46,2014-09-15,6.94,6.95,6.74,6.94,4700,6.94,10744.0,6.28466666667,6.471,6.624,,7.25465553657,6.471,5.68734446343,0.146070796423,0.064627839986,0.081442956437,62.2069822113,92.9205348879,91.5766201624
47,2014-09-12,6.93,6.94,6.87,6.9,7100,6.9,10790.0,6.263,6.4165,6.6422,,7.21360162464,6.4165,5.61939837536,0.136839628817,0.0442671008767,0.0925725279401,61.2100146278,92.7409371868,90.8253591514
48,2014-09-11,6.74,6.89,6.71,6.89,1900,6.89,11112.0,6.25,6.369,6.6618,,7.15837696951,6.369,5.57962303049,0.127139634835,0.0211239688917,0.106015665943,60.9710067922,91.8831103481,89.7873089692
49,2014-09-10,6.83,6.9,6.71,6.9,6400,6.9,11260.0,6.24766666667,6.317,6.68,,7.09923014516,6.317,5.53476985484,0.113927793282,-0.0053799475941,0.119307740876,61.3218581374,88.7618982269,89.5375498488
50,2014-09-09,6.93,6.93,6.72,6.92,2100,6.92,11166.0,6.23933333333,6.255,6.6974,,7.03913009125,6.255,5.47086990875,0.0943893657983,-0.0352068828132,0.129596248611,61.9842676589,89.9154908439,90.1817301224
51,2014-09-08,6.9,6.9,6.71,6.84,4700,6.84,11694.0,6.23233333333,6.192,6.7102,,6.95445917924,6.192,5.42954082076,0.0660419275797,-0.0676059449661,0.133647872546,60.3952304804,88.5887364579,87.9564311606
52,2014-09-05,6.81,6.95,6.67,6.72,3100,6.72,11952.0,6.23633333333,6.137,6.729,,6.86234405629,6.137,5.41165594371,0.0370451329433,-0.101017913103,0.138063046046,57.9468685765,90.8840738665,84.0715927251
53,2014-09-04,6.67,6.96,6.52,6.93,25400,6.93,12138.0,6.24266666667,6.0935,6.7466,,6.77691129637,6.0935,5.41008870363,0.011714022219,-0.135533674614,0.147247696833,64.4181408872,91.3386193211,79.7672409251
54,2014-09-03,6.61,6.76,6.61,6.67,5400,6.67,12230.0,6.24,6.0465,6.7588,,6.61254858449,6.0465,5.48045141551,-0.0421698903377,-0.172345598822,0.130175708485,59.1768870703,81.0142949968,75.8037982161
55,2014-09-02,6.39,6.62,6.38,6.6,8100,6.6,14226.0,6.24866666667,6.026,6.7702,,6.52609599079,6.026,5.52590400921,-0.0838592494142,-0.204889525943,0.121030276529,57.6160857383,73.049382716,75.5510662177
56,2014-08-29,6.23,6.41,6.23,6.41,400,6.41,19814.0,6.269,6.0115,6.7702,,6.45814415366,6.0115,5.56485584634,-0.128722987735,-0.235147095076,0.106424107341,53.0962810871,73.6666666667,77.3265993266
57,2014-08-28,6.25,6.54,6.21,6.23,1300,6.23,20956.0,6.28933333333,6.0055,6.805,,6.43340068941,6.0055,5.57759931059,-0.164767643006,-0.261753121911,0.0969854789044,48.2406999235,75.4848484848,75.1283670034
58,2014-08-27,6.23,6.56,6.14,6.25,14700,6.25,22338.0,6.314,6.0195,6.8424,,6.49187590963,6.0195,5.54712409037,-0.190049837291,-0.285999491637,0.095949654346,48.7615154721,80.0033670034,73.1553030303
59,2014-08-26,6.1,6.33,6.0,6.33,6300,6.33,22630.0,6.34733333333,6.048,6.8802,,6.62888208786,6.048,5.46711791214,-0.22159111309,-0.309986905223,0.0883957921336,50.7985430344,80.1515151515,68.0884209745
60,2014-08-25,6.05,6.16,5.93,6.09,6200,6.09,22930.0,6.38333333333,6.064,6.9164,,6.69087797856,6.064,5.43712202144,-0.266771561646,-0.332085853257,0.0653142916104,44.3186803719,64.8737373737,61.2038751009
61,2014-08-22,5.86,6.06,5.86,6.01,14500,6.01,23276.0,6.432,6.095,6.9564,,6.78235725791,6.095,5.40764274209,-0.296121565998,-0.348414426159,0.0522928601611,41.952400188,67.5925925926,57.8121785123
62,2014-08-21,5.85,5.96,5.85,5.93,12000,5.93,23814.0,6.488,6.1425,6.9944,,6.92457096865,6.1425,5.36042903135,-0.321130166957,-0.3614876412,0.0403574742431,39.5676582599,59.73583878,49.0628195394
63,2014-08-20,6.1,6.12,5.81,5.82,10300,5.82,23926.0,6.53966666667,6.1915,7.0362,,7.03459607993,6.1915,5.34840392007,-0.340233797024,-0.37157700976,0.0313432127364,36.222288987,52.6133316574,39.8704723059
64,2014-08-19,5.92,6.15,5.9,6.14,4000,6.14,24510.0,6.608,6.243,7.0794,,7.11439198986,6.243,5.37160801014,-0.348468120535,-0.379412812945,0.0309446924094,42.5912335474,51.3069510194,30.7440082634
65,2014-08-18,5.81,6.12,5.81,5.9,106400,5.9,25076.0,6.66166666667,6.2825,7.1128,,7.20193188981,6.2825,5.36306811019,-0.386491302609,-0.387148986047,0.000657683438062,34.5804350206,32.5951567008,19.9378352343
66,2014-08-15,5.9,6.0,5.82,5.85,6200,5.85,23904.0,6.726,6.348,7.1488,,7.33338520387,6.348,5.36261479613,-0.404964654236,-0.387313406906,-0.0176512473295,32.7654880941,22.9664498462,12.5633841388
67,2014-08-14,5.97,6.02,5.81,5.95,12400,5.95,24682.0,6.79266666667,6.4065,7.19,,7.40550500499,6.4065,5.40749499501,-0.417562064433,-0.382900595074,-0.0346614693587,34.545371083,16.1074754872,8.28322344551
68,2014-08-13,5.7,6.0,5.65,5.85,34600,5.85,24884.0,6.857,6.4575,7.2212,,7.46220642478,6.4575,5.45279357522,-0.437749128874,-0.374235227734,-0.0635139011398,31.0683375443,8.08225890302,7.44531371656
69,2014-08-12,5.65,5.77,5.61,5.66,10900,5.66,24492.0,6.922,6.5275,7.2512,,7.54810521261,6.5275,5.50689478739,-0.446966085614,-0.358356752449,-0.0886093331644,23.9399004435,3.09735231903,9.57737263836
70,2014-08-11,5.71,5.81,5.62,5.66,4600,5.66,24508.0,6.99233333333,6.615,7.2814,,7.62309721753,6.615,5.60690278247,-0.432883494607,-0.336204419158,-0.096679075449,23.9399004435,5.84580707283,13.2310110657
71,2014-08-08,5.95,5.95,5.72,5.74,4000,5.74,24484.0,7.05566666667,6.7095,7.3102,,7.69589697891,6.7095,5.72310302109,-0.408612500346,-0.312034650296,-0.0965778500503,24.8737654976,12.7558365714,15.8635706969
72,2014-08-07,5.83,5.85,5.81,5.85,800,5.85,25194.0,7.12366666667,6.807,7.3336,,7.77614601583,6.807,5.83785398417,-0.379835885848,-0.287890187784,-0.0919456980649,26.1775594221,16.6104945902,16.6908903536
73,2014-08-06,6.15,6.15,5.81,5.99,4800,5.99,25396.0,7.182,6.8885,7.3546,,7.79408875876,6.8885,5.98291124124,-0.348781575913,-0.264903763267,-0.0838778126459,27.9062597603,17.7119060286,15.7536414175
74,2014-08-05,6.2,6.29,5.91,6.26,15900,6.26,25394.0,7.23366666667,6.9825,7.3742,,7.88580227499,6.9825,6.07919772501,-0.318326342855,-0.243934310106,-0.0743920327494,31.6491164456,16.3760455975,14.0556027286
75,2014-08-04,6.21,6.39,6.13,6.31,4300,6.31,25150.0,7.26633333333,7.057,7.3882,,7.95542306293,7.057,6.15857693707,-0.302315098583,-0.225336301918,-0.076978796665,32.3962845558,16.065115198,12.8440049929
76,2014-08-01,6.62,6.62,6.21,6.29,35000,6.29,25270.0,7.276,7.133,7.4,,8.02292359223,7.133,6.24307640777,-0.282572527188,-0.206091602752,-0.0764809244358,31.7982482157,12.8614988458,10.2686984156
77,2014-07-31,6.62,6.64,6.42,6.51,8800,6.51,24870.0,7.338,7.211,7.415,,8.06441431907,7.211,6.35758568093,-0.251227317484,-0.186971371643,-0.0642559458409,34.9568693998,10.919751273,8.23387925969
78,2014-07-30,6.61,6.82,6.6,6.82,5000,6.82,24912.0,7.391,7.2795,7.4268,,8.11662543863,7.2795,6.44237456137,-0.229965216117,-0.170907385183,-0.059057830934,40.1790010085,11.5296546547,6.8013194269
79,2014-07-29,6.72,6.74,6.62,6.65,9300,6.65,25572.0,7.435,7.3285,7.432,,8.16702906926,7.3285,6.48997093074,-0.231045730865,-0.15614292745,-0.0749028034153,35.2536999667,5.76388888889,6.20473130841
80,2014-07-28,7.0,7.0,6.71,6.71,5600,6.71,25450.0,7.48466666667,7.3845,7.4386,,8.18293534491,7.3845,6.58606465509,-0.211755104512,-0.137417226596,-0.0743378779166,36.2313450528,4.72222222222,7.27544132918
81,2014-07-25,6.9,6.98,6.9,6.96,1600,6.96,25616.0,7.53066666667,7.427,7.4364,,8.16554180653,7.427,6.68845819347,-0.190162267175,-0.118832757117,-0.0713295100582,40.5860347687,5.18951194185,8.95703530633
82,2014-07-24,6.85,7.0,6.85,6.91,1700,6.91,25652.0,7.56233333333,7.468,7.4284,,8.18912689591,7.468,6.74687310409,-0.185290503632,-0.101000379602,-0.0842901240303,39.2295640518,9.14330218069,11.9355966686
83,2014-07-23,6.97,7.04,6.85,6.85,8800,6.85,26036.0,7.59933333333,7.5025,7.4214,,8.17812933625,7.5025,6.82687066375,-0.171286318113,-0.0799278485944,-0.0913584695182,37.6432022189,10.046728972,13.8347664276
84,2014-07-22,7.19,7.19,6.91,6.93,7000,6.93,25874.0,7.637,7.537,7.4204,,8.1426764813,7.537,6.9313235187,-0.144811356695,-0.0570882312149,-0.08772312548,38.900443123,11.4485981308,17.634543466
85,2014-07-21,7.21,7.24,7.03,7.21,900,7.21,26168.0,7.66633333333,7.5525,7.4142,,8.10912824219,7.5525,6.99587175781,-0.117058786206,-0.0351574498449,-0.0819013363614,43.6370909192,17.1037573908,24.6099682035
86,2014-07-18,6.94,7.34,6.91,7.02,10800,7.02,26220.0,7.68266666667,7.522,7.4064,,8.20325178899,7.522,6.84074821101,-0.108442832074,-0.0146821157545,-0.0937607163195,38.9533920135,16.7399812167,30.8561807546
87,2014-07-17,7.08,7.08,6.91,6.97,12300,6.97,26788.0,7.71233333333,7.5785,7.4064,,8.2711839106,7.5785,6.8858160894,-0.0765229366969,0.00875806332532,-0.0852810000222,37.6880776512,25.2458371258,40.8325778555
88,2014-07-16,7.1,7.27,7.01,7.25,10000,7.25,27656.0,7.73033333333,7.635,7.408,,8.30386470979,7.635,6.96613529021,-0.0295775729727,0.0300783133309,-0.0596558863036,42.2408142519,39.3502970809,50.3562947216
89,2014-07-15,7.58,7.58,7.3,7.41,14900,7.41,29958.0,7.73366666667,7.6795,7.4098,,8.35833650462,7.6795,7.00066349538,0.00226291051486,0.0449922849068,-0.0427293743919,45.133810055,42.0886075949,57.8013883946
90,2014-07-14,7.58,7.75,7.38,7.55,6600,7.55,30582.0,7.72566666667,7.716,7.411,,8.41125247213,7.716,7.02074752787,0.0265791216497,0.0556746285048,-0.0290955068551,47.7933490091,56.6455696203,67.1104340779
91,2014-07-11,7.7,7.75,7.6,7.69,2300,7.69,32098.0,7.71066666667,7.743,7.408,,8.45217134742,7.743,7.03382865258,0.042974298456,0.0629485052185,-0.0199742067626,50.5598137607,63.3407045905,72.1854886964
92,2014-07-10,7.78,7.78,7.25,7.48,10900,7.48,32474.0,7.68466666667,7.754,7.4052,,8.46635945982,7.754,7.04164054018,0.0490208797839,0.0679420569092,-0.0189211771253,46.2241940612,69.1306717729,75.1122424562
93,2014-07-09,7.8,7.98,7.57,7.87,34000,7.87,32866.0,7.66533333333,7.781,7.405,,8.49070134564,7.781,7.07129865436,0.0774073035183,0.0726723511905,0.00473495232785,54.4600724799,79.324790328,75.1364779654
94,2014-07-08,7.86,7.91,7.2,7.75,4000,7.75,34206.0,7.63533333333,7.7865,7.4074,,8.50056652351,7.7865,7.07243347649,0.0728036872155,0.0714886131085,0.00131507410695,52.0174529068,76.9457880942,71.0230674983
95,2014-07-07,7.91,7.91,7.65,7.83,4200,7.83,34452.0,7.609,7.7895,7.4162,,8.5034320696,7.7895,7.0755679304,0.0780870178658,0.0711598445818,0.00692717328398,53.8039474551,75.0477196299,66.7006416388
96,2014-07-03,7.75,7.88,7.71,7.85,7000,7.85,34924.0,7.578,7.783,7.423,,8.49770553377,7.783,7.06829446623,0.0755492032723,0.0694280512608,0.00612115201148,54.2363601883,69.2276138098,62.191357234
97,2014-07-02,7.75,7.99,7.75,7.88,23200,7.88,34900.0,7.551,7.786,7.4296,,8.50230719667,7.786,7.06969280333,0.0691747678708,0.0678977632579,0.00127700461288,54.8503630802,62.8711484594,58.3765172736
98,2014-07-01,7.66,7.85,7.66,7.8,9300,7.8,35336.0,7.525,7.7675,7.432,,8.4922033876,7.7675,7.0427966124,0.0569779464257,0.0675785121047,-0.010600565679,53.5481966098,59.6560846561,55.0925925926
99,2014-06-30,7.64,7.85,7.57,7.77,1700,7.77,35800.0,7.501,7.745,7.4362,,8.49187348326,7.745,6.99812651674,0.0487270514696,0.0702286535244,-0.0215016020548,53.0769534797,57.0105820106,48.7103174603
100,2014-06-27,7.78,7.8,7.43,7.56,28500,7.56,35978.0,7.47466666667,7.715,7.4436,,8.50254047515,7.715,6.92745952485,0.0405416975224,0.0756040540381,-0.0350623565157,49.7643632154,53.9682539683,43.7641723356
101,2014-06-26,7.57,7.84,7.45,7.78,17600,7.78,36738.0,7.44266666667,7.692,7.4524,,8.5220265056,7.692,6.8619734944,0.0508863301568,0.0843696431671,-0.0334833130103,53.4339530773,49.7354497354,40.3304377306
102,2014-06-25,7.54,7.64,7.42,7.6,12400,7.6,37044.0,7.402,7.6485,7.4568,,8.54411766396,7.6485,6.75288233604,0.0409496782806,0.0927404714196,-0.051790793139,50.6703730309,34.126984127,41.6311849943
103,2014-06-24,7.17,7.65,7.16,7.54,30000,7.54,37004.0,7.36733333333,7.6135,7.4652,,8.56681579238,7.6135,6.66018420762,0.0459985382018,0.105688169704,-0.0596896315026,49.7472565278,37.2260015117,52.8525671786
104,2014-06-23,7.23,7.25,6.91,7.24,105200,7.24,37042.0,7.34266666667,7.585,7.4738,,8.5786297097,7.585,6.5913702903,0.0578827406728,0.12061057758,-0.0627278369072,44.9657222181,40.2333155484,65.0002726441
105,2014-06-20,8.24,8.24,6.6,6.6,287500,6.6,35208.0,7.322,7.571,7.489,,8.5912137031,7.571,6.5507862969,0.102754828326,0.136292536807,-0.0335377084808,32.1831175618,54.9384387902,77.7025221494
106,2014-06-19,8.16,8.3,7.79,8.15,57500,8.15,30682.0,7.32933333333,7.586,7.516,,8.55626594292,7.586,6.61573405708,0.223696949973,0.144676963927,0.0790199860461,67.3765957619,79.0125128642,87.0059518023
107,2014-06-18,8.16,8.49,8.03,8.1,70400,8.1,31416.0,7.29166666667,7.5305,7.5138,,8.49232066936,7.5305,6.56867933064,0.216991120512,0.124921967416,0.0920691530968,66.2718029808,85.8168233735,90.4283594557
108,2014-06-17,8.14,8.2,7.95,8.14,29300,8.14,31730.0,7.25666666667,7.4805,7.5118,,8.42246549831,7.4805,6.53853450169,0.210366718248,0.101904679141,0.108462039106,67.9820187675,91.0423135696,91.7241220587
109,2014-06-16,8.02,8.18,7.93,8.14,21300,8.14,38416.0,7.23,7.4275,7.508,,8.33367603146,7.4275,6.52132396854,0.194778965273,0.0747891693647,0.119989795909,67.9820187675,92.1521574018,91.6157430837
110,2014-06-13,7.95,8.15,7.92,8.09,23500,8.09,105016.0,7.20766666667,7.3695,7.5052,,8.2333396842,7.3695,6.5056603158,0.172050175619,0.0447917203876,0.127258455231,67.0659937502,92.7021434781,91.2795509324
111,2014-06-12,8.05,8.17,7.75,7.91,41400,7.91,,7.18466666667,7.295,,,8.15443004369,7.295,6.43556995631,0.145628336087,0.0129771065798,0.132651229507,63.5831536138,90.9998737852,89.396087826
112,2014-06-11,7.99,8.06,7.8,8.02,17600,8.02,,7.17266666667,7.2275,,,8.09513759716,7.2275,6.35986240284,0.128113503286,-0.0201857007969,0.148299204083,67.6423808022,90.6087976697,88.001967653
113,2014-06-10,7.51,7.99,7.51,7.98,39500,7.98,,7.15433333333,7.1545,,,7.98815400497,7.1545,6.32084599503,0.0926947384646,-0.0572605018178,0.149955240282,66.9294869831,90.8073887968,86.9373517825
114,2014-06-09,7.85,8.0,7.54,7.81,32300,7.81,,7.15466666667,7.0955,,,7.85041655168,7.0955,6.34058344832,0.0502119551688,-0.0947493118883,0.144961267057,63.7803084386,85.1682910524,84.4501319066
115,2014-06-06,7.89,7.9,7.52,7.7,47800,7.7,,7.16733333333,7.036,,,7.74229738779,7.036,6.32970261221,0.012567210596,-0.130989628653,0.143556839249,61.5822063884,85.4233930933,81.8701167514
116,2014-06-05,7.68,7.94,7.47,7.91,45100,7.91,,7.183,6.992,,,7.6340778769,6.992,6.3499221231,-0.0244639682673,-0.166878838465,0.142414870197,69.0061148163,86.3503341876,76.9699646806
117,2014-06-04,7.38,7.83,7.38,7.51,22500,7.51,,7.192,6.9475,,,7.43325199433,6.9475,6.46174800567,-0.0927551970235,-0.202482556014,0.109727358991,60.6065351021,80.8585092931,70.2557988552
118,2014-06-03,7.19,7.48,7.1,7.35,15000,7.35,,7.20833333333,6.9245,,,7.34002256256,6.9245,6.50897743744,-0.137843198861,-0.229914395762,0.0920711969007,56.1973624372,74.8482304314,63.8069943167
119,2014-06-02,7.15,7.25,7.1,7.17,11700,7.17,,7.23033333333,6.924,,,7.33749244249,6.924,6.51050755751,-0.177095983769,-0.252932194987,0.0758362112184,50.3977020866,65.8227848101,59.8187692799
120,2014-05-30,6.99,7.25,6.67,7.1,3400,7.1,,7.26266666667,6.939,,,7.4054718641,6.939,6.4725281359,-0.206293596741,-0.271891247792,0.0655976510505,47.9069955788,59.4936708861,59.8593234762
121,2014-05-29,7.1,7.1,6.91,6.91,39500,6.91,,7.29266666667,6.954,,,7.458,6.954,6.45,-0.233432461346,-0.288290660554,0.0548581992081,40.358902176,55.0632911392,63.0159025636
122,2014-05-28,6.97,7.05,6.74,6.9,10900,6.9,,7.329,6.986,,,7.55219431293,6.986,6.41980568707,-0.245330685459,-0.302005210356,0.0566745248974,39.9335471571,58.895330284,68.9669230378
123,2014-05-27,7.0,7.05,6.97,6.97,4700,6.97,,7.36633333333,7.0145,,,7.61674496677,7.0145,6.41225503323,-0.255930517901,-0.316173841581,0.0602433236792,41.8747528016,65.9850015956,74.1937369245
124,2014-05-23,6.94,7.0,6.88,6.96,3700,6.96,,7.39966666667,7.0655,,,7.8018552132,7.0655,6.3291447868,-0.272864405595,-0.3312346725,0.0583702669054,41.4975062207,72.1199872354,74.6642831935
125,2014-05-22,6.99,7.01,6.5,6.9,10300,6.9,,7.43433333333,7.127,,,8.00890929239,7.127,6.24509070761,-0.289491085443,-0.345827239227,0.0563361537841,39.3026986532,78.8673730362,70.0302687618
126,2014-05-21,6.9,7.05,6.75,7.04,15000,7.04,,7.46933333333,7.1905,,,8.17482667342,7.1905,6.20617332658,-0.30039290466,-0.359911277673,0.059518373013,42.7801100156,79.802585831,60.0646074731
127,2014-05-20,6.99,7.29,6.52,7.1,10900,7.1,,7.50266666667,7.2475,,,8.31857189301,7.2475,6.17642810699,,,,44.3413927563,67.8671866713,47.6732488584
128,2014-05-19,6.9,7.25,6.63,7.08,38000,7.08,,7.53266666667,7.2925,,,8.40963696564,7.2925,6.17536303436,,,,43.7054765833,53.5839295088,37.7765789976
129,2014-05-16,7.0,7.0,6.85,6.98,3200,6.98,,7.56166666667,7.339,,,8.49367571205,7.339,6.18432428795,,,,40.5519962076,39.0047278815,29.8516737197
130,2014-05-15,6.6,6.79,6.55,6.6,13900,6.6,,7.59566666667,7.397,,,8.58962902866,7.397,6.20437097134,,,,25.9065454459,30.237151372,23.9849792687
131,2014-05-14,6.52,6.74,6.5,6.56,3400,6.56,,,7.467,,,8.62822521502,7.467,6.30577478498,,,,24.0783491647,28.2805072279,18.3033316257
132,2014-05-13,6.8,6.8,6.5,6.56,20900,6.56,,,7.539,,,8.643534291,7.539,6.434465709,,,,24.0783491647,21.8843083975,13.2567295396
133,2014-05-12,6.8,7.02,6.79,6.8,700,6.8,,,7.612,,,8.6382865097,7.612,6.5857134903,,,,27.6017446611,15.5379500774,10.3848350559
134,2014-05-09,6.76,6.82,6.1,6.62,21700,6.62,,,7.6705,,,8.63659471585,7.6705,6.70440528415,,,,19.3865306998,7.51056080003,9.20220160352
135,2014-05-08,6.95,7.12,6.8,6.82,3500,6.82,,,7.7395,,,8.58525351019,7.7395,6.89374648981,,,,21.9571620022,8.09409888357,10.8086947854
136,2014-05-07,7.1,7.11,7.0,7.02,39200,7.02,,,7.796,,,8.53240749589,7.796,7.05959250411,,,,25.0403127515,10.3967304625,10.8031331224
137,2014-05-06,7.23,7.25,7.0,7.05,55700,7.05,,,7.847,,,8.49766427595,7.847,7.19633572405,,,,25.5398213687,10.8074162679,12.1309831136
138,2014-05-05,7.33,7.34,7.0,7.34,125100,7.34,,,7.8945,,,8.43485081197,7.8945,7.35414918803,,,,31.1104090919,13.9365335275,18.64348711
139,2014-05-02,7.41,7.7,7.41,7.47,46100,7.47,,,7.925,,,8.40184378994,7.925,7.44815621006,,,,34.2170133453,8.07185223178,28.584281889
140,2014-05-01,7.56,7.81,7.37,7.4,82400,7.4,,,7.9515,,,8.38079127641,7.9515,7.52220872359,,,,30.7599479027,15.7081304273,45.2047116882
141,2014-04-30,7.47,7.62,7.4,7.55,21100,7.55,,,,,,,,,,,,34.3521103781,36.8574322533,60.4103321426
142,2014-04-29,8.05,8.05,7.45,7.47,30500,7.47,,,,,,,,,,,,30.3223628692,53.6997126437,68.0327087732
143,2014-04-28,8.13,8.32,7.93,7.99,101000,7.99,,,,,,,,,,,,48.1688026168,74.5535714286,71.0618622449
144,2014-04-25,8.1,8.22,8.02,8.19,16300,8.19,,,,,,,,,,,,60.9885260371,76.5306122449,66.0667044596
145,2014-04-24,8.23,8.23,7.86,8.17,27800,8.17,,,,,,,,,,,,60.0,,
146,2014-04-23,8.14,8.18,7.91,8.18,5800,8.18,,,,,,,,,,,,,,
147,2014-04-22,8.08,8.23,8.0,8.0,45000,8.0,,,,,,,,,,,,,,
148,2014-04-21,8.18,8.18,8.0,8.01,32500,8.01,,,,,,,,,,,,,,
149,2014-04-17,8.03,8.16,8.01,8.14,10600,8.14,,,,,,,,,,,,,,
150,2014-04-16,7.97,8.25,7.92,8.0,66500,8.0,,,,,,,,,,,,,,
151,2014-04-15,7.96,8.01,7.76,8.0,32900,8.0,,,,,,,,,,,,,,
152,2014-04-14,7.95,8.03,7.95,8.02,10400,8.02,,,,,,,,,,,,,,
153,2014-04-11,8.0,8.0,7.76,7.97,31900,7.97,,,,,,,,,,,,,,
154,2014-04-10,8.04,8.06,7.95,8.0,13500,8.0,,,,,,,,,,,,,,
155,2014-04-09,8.06,8.06,7.95,7.95,61200,7.95,,,,,,,,,,,,,,
156,2014-04-08,7.77,8.04,7.77,8.04,94200,8.04,,,,,,,,,,,,,,
157,2014-04-07,7.85,8.04,7.78,8.0,86100,8.0,,,,,,,,,,,,,,
158,2014-04-04,8.0,8.14,7.95,7.95,363600,7.95,,,,,,,,,,,,,,
159,2014-04-03,8.26,8.48,7.67,8.0,3351300,8.0,,,,,,,,,,,,,,
