,Date,Open,High,Low,Close,Volume,Adj Close,50DayAvgVol,30DaySMA,4WeekSMA,10WeekSMA,30WeekSMA,20.2UpperBB,20.2MiddleBB,20.2LowerBB,12.26.9MACD,12.26.9MACDSignal,12.26.9MACDHist,RSI14,10.4STOC,10.4.4STOC
0,2014-11-18,7.26,7.29,7.01,7.01,61700,7.01,200466.0,7.10433333333,7.2005,7.0872,7.228,7.50033161941,7.2005,6.90066838059,0.0197517242245,0.0428454121624,-0.0230936879378,44.1969149971,24.5762711864,31.4618644068
1,2014-11-17,7.12,7.26,7.08,7.23,626300,7.23,203954.0,7.10233333333,7.2025,7.0876,7.23273333333,7.49772025676,7.2025,6.90727974324,0.0386704569668,0.0486188341468,-0.00994837718001,52.5538120463,33.4745762712,33.2106140595
2,2014-11-14,7.26,7.29,7.07,7.14,82200,7.14,195010.0,7.098,7.1905,7.0856,7.23553333333,7.49946439924,7.1905,6.88153560076,0.0398551601111,0.0511059284418,-0.0112507683307,48.8821671225,32.6271186441,33.6818529608
3,2014-11-13,7.23,7.27,7.19,7.24,154100,7.24,196670.0,7.09833333333,7.18,7.0886,7.23906666667,7.50875522809,7.18,6.85124477191,0.0499511970681,0.0539186205245,-0.00396742345636,53.123674898,35.1694915254,34.205267425
4,2014-11-12,7.2,7.26,7.12,7.22,194900,7.22,194744.0,7.09133333333,7.167,7.0892,7.24226666667,7.50565026207,7.167,6.82834973793,0.0519290304633,0.0549104763886,-0.00298144592533,52.3559173448,31.5712697972,37.4375196616
5,2014-11-11,7.22,7.3,7.16,7.21,310300,7.21,196312.0,7.079,7.1545,7.0938,7.24606666667,7.50272262994,7.1545,6.80627737006,0.0557344973718,0.0556558378699,7.86595018239e-05,51.9908441632,35.3595318766,46.1832357352
6,2014-11-10,7.16,7.24,7.1,7.2,144600,7.2,193310.0,7.06833333333,7.1415,7.0996,7.251,7.49973316429,7.1415,6.78326683571,0.0607991551732,0.0556361729945,0.00516298217871,51.6468021506,34.7207765009,56.7130222757
7,2014-11-07,7.2,7.24,7.11,7.14,672900,7.14,194494.0,7.064,7.12,7.105,7.25566666667,7.51166312055,7.12,6.72833687945,0.0673973306918,0.0543454274498,0.013051903242,49.6359766052,48.0985004719,70.9990979917
8,2014-11-06,7.14,7.29,7.13,7.27,139900,7.27,187094.0,7.064,7.096,7.1116,7.26046666667,7.53569989766,7.096,6.65630010234,0.080947768089,0.0510824516393,0.0298653164497,54.1680827767,66.5541340914,82.0112314368
9,2014-11-05,7.53,7.58,7.01,7.14,168100,7.14,190526.0,7.05666666667,7.0715,7.1166,7.26493333333,7.52410468402,7.0715,6.61889531598,0.0838292679221,0.0436161225269,0.0402131453952,49.9222420619,77.4786780384,88.5086628262
10,2014-11-04,7.52,7.6,7.44,7.5,229700,7.5,195196.0,7.056,7.0665,7.1226,7.27046666667,7.51817576867,7.0665,6.61482423133,0.0995241383574,0.0335628361781,0.0659613021794,65.5332924442,91.8650793651,91.1798727588
11,2014-11-03,7.44,7.53,7.4,7.52,326800,7.52,196314.0,7.04133333333,7.039,7.1212,7.27366666667,7.44657330629,7.039,6.63142669371,0.0814543309733,0.0170725106332,0.0643818203401,66.6077911253,92.1470342523,90.566273743
12,2014-10-31,7.33,7.42,7.31,7.39,288400,7.39,197478.0,7.02566666667,7.018,7.1198,7.2762,7.36270857256,7.018,6.67329142744,0.0551695320071,0.000977055548207,0.0541924764589,62.9402493897,92.5438596491,89.0378877597
13,2014-10-30,7.21,7.33,7.18,7.28,86500,7.28,197848.0,7.01466666667,7.006,7.1196,7.2768,7.31268550667,7.006,6.69931449333,0.0340544681337,-0.0125710635665,0.0466255317002,59.4400571266,88.1635177688,85.3269620939
14,2014-10-29,7.25,7.26,7.06,7.21,156600,7.21,200098.0,7.009,6.9935,7.1198,7.27793333333,7.27373383093,6.9935,6.71326616907,0.0178086307079,-0.0242274464916,0.0420360771995,57.0426162664,89.4106833017,83.5978740349
15,2014-10-28,7.06,7.26,7.02,7.26,114100,7.26,208886.0,7.003,6.9755,7.1236,7.27886666667,7.24378902326,6.9755,6.70721097674,0.00394127267417,-0.0347364657914,0.0386777384656,59.3702058439,86.0334903192,80.550758765
16,2014-10-27,7.1,7.11,6.99,7.04,155900,7.04,212984.0,6.99766666667,6.957,7.1258,7.28,7.19339796953,6.957,6.72060203047,-0.018906755546,-0.0444059004078,0.0254991448618,51.2414126373,77.7001569859,77.0600629529
17,2014-10-24,7.01,7.13,6.93,7.1,115700,7.1,213512.0,6.997,6.9585,7.1298,7.2836,7.19735351159,6.9585,6.71964648841,-0.0253941405754,-0.0507806866233,0.0253865460479,53.9762270735,81.2471655329,75.1498269109
18,2014-10-23,7.01,7.03,6.94,6.97,125600,6.97,214428.0,6.99933333333,6.9605,7.1324,7.287,7.20467002273,6.9605,6.71632997727,-0.0394141245137,-0.0571273231353,0.0177131986216,48.4398114555,77.2222222222,70.2144287705
19,2014-10-22,7.08,7.08,6.9,6.94,78300,6.94,214516.0,7.006,6.9645,7.1376,7.2924,7.21176301786,6.9645,6.71723698214,-0.043499062202,-0.0615556227907,0.0180565605887,47.075555062,72.0707070707,64.7646725879
20,2014-10-21,7.0,7.09,6.97,7.05,91800,7.05,215720.0,7.01166666667,6.9735,7.143,7.2992,7.22949023419,6.9735,6.71750976581,-0.0450256690375,-0.0660697629378,0.0210440939003,51.7363976309,70.0592128178,58.7082027168
21,2014-10-20,6.88,7.01,6.88,6.99,81500,6.99,216214.0,7.011,6.974,7.147,7.30546666667,7.23062423892,6.974,6.71737576108,-0.0575192556671,-0.0713307864129,0.0138115307458,49.1883585107,61.5055729711,49.4908133055
22,2014-10-17,7.09,7.09,6.89,6.93,129400,6.93,218132.0,7.01566666667,6.977,7.15,7.3126,7.23569673365,6.977,6.71830326635,-0.066519880701,-0.0747836690993,0.00826378839836,46.5689997973,55.4231974922,39.1275385035
23,2014-10-16,6.9,7.06,6.9,6.98,108400,6.98,223892.0,7.02766666667,6.9835,7.1548,7.32,7.24367494114,6.9835,6.72332505886,-0.0709312983886,-0.0768496161989,0.00591831781038,48.5038253515,47.8448275862,30.4504378908
24,2014-10-15,6.83,7.04,6.74,6.97,125800,6.97,224178.0,7.03733333333,6.99,7.1564,7.32713333333,7.25593232222,6.99,6.72406767778,-0.0806210526241,-0.0783291956515,-0.00229185697261,48.1033929779,33.1896551724,24.1901446087
25,2014-10-14,6.84,7.01,6.78,6.95,128100,6.95,222844.0,7.05333333333,6.993,7.158,7.33453333333,7.25931560225,6.993,6.72668439775,-0.0907978509012,-0.0777562314084,-0.0130416194928,47.3429688395,20.0524737631,25.9205675071
26,2014-10-13,6.65,6.87,6.64,6.77,110500,6.77,224190.0,7.07166666667,7.0005,7.1602,7.3422,7.26997912721,7.0005,6.73102087279,-0.100430086507,-0.0744958265352,-0.025934259972,39.9950985255,20.7147950415,35.7917517555
27,2014-10-10,6.71,6.88,6.66,6.66,95000,6.66,224632.0,7.095,7.013,7.1688,7.351,7.26087900274,7.013,6.76512099726,-0.092936247786,-0.0680122615422,-0.0249239862438,34.8350385128,22.8036544579,45.5626866947
28,2014-10-09,7.02,7.02,6.76,6.78,133500,6.78,224594.0,7.122,7.0385,7.1788,7.3608,7.23560657016,7.0385,6.84139342984,-0.0708195845777,-0.0617812649812,-0.00903831959645,38.1591081969,40.1113467656,53.2454727139
29,2014-10-08,6.81,7.07,6.81,7.04,154100,7.04,223260.0,7.14666666667,7.058,7.1882,7.36986666667,7.22360193235,7.058,6.89239806765,-0.0537787586707,-0.0595216850821,0.00574292641144,47.2255858973,59.5372107567,52.2744125793
30,2014-10-07,7.08,7.08,6.94,6.95,106200,6.95,221694.0,7.16,7.0615,7.1908,7.37726666667,7.22838618876,7.0615,6.89461381124,-0.0577189589323,-0.060957416685,0.00323845775264,42.8619307631,59.7985347985,43.7492368742
31,2014-10-06,7.14,7.19,7.07,7.1,85400,7.1,223372.0,7.176,7.0655,7.1972,7.38513333333,7.22518406307,7.0655,6.90581593693,-0.0527449024091,-0.0617670311231,0.00902212871402,49.1516152556,53.5347985348,36.1925647452
32,2014-10-03,7.11,7.22,7.07,7.15,98300,7.15,224586.0,7.18766666667,7.067,7.1986,7.39206666667,7.22850541786,7.067,6.90549458214,-0.0609017262299,-0.0640225633016,0.00312083707175,51.4903278205,36.2271062271,31.1467671583
33,2014-10-02,6.87,7.11,6.87,7.03,179100,7.03,223474.0,7.19533333333,7.074,7.1998,7.39846666667,7.2596232744,7.074,6.8883767256,-0.0755178653432,-0.0648027725696,-0.0107150927737,45.7362546713,25.4365079365,33.4278926483
34,2014-10-01,6.91,7.05,6.83,6.85,437500,6.85,221002.0,7.204,7.086,7.204,7.40593333333,7.28891870293,7.086,6.88308129707,-0.0808567503157,-0.0621239993762,-0.0187327509395,34.9966186483,29.5718462824,37.4761121554
35,2014-09-30,7.09,7.15,6.89,6.89,479800,6.89,213118.0,7.22233333333,7.116,7.211,7.41453333333,7.34607824756,7.116,6.88592175244,-0.0681677380395,-0.0574408116413,-0.0107269263982,36.4867257778,33.3516081871,37.1352339181
36,2014-09-29,7.1,7.15,7.01,7.07,369700,7.07,204168.0,7.23833333333,7.1465,7.2176,7.42273333333,7.40820785238,7.1465,6.88479214762,-0.0550531407264,-0.0547590800417,-0.000294060684718,44.3833023452,45.3516081871,35.7570092907
37,2014-09-26,7.05,7.18,7.05,7.14,150000,7.14,198170.0,7.244,7.1665,7.2214,7.42973333333,7.46086541916,7.1665,6.87213458084,-0.0558406453818,-0.0546855648705,-0.00115508051121,48.1460535566,41.6293859649,30.5272221633
38,2014-09-25,7.07,7.1,7.0,7.05,271000,7.05,197048.0,7.247,7.183,7.223,7.43646666667,7.50524835143,7.183,6.86075164857,-0.0631608328454,-0.0543967947427,-0.00876403810261,42.3066059477,28.2083333333,25.0956376502
39,2014-09-24,7.1,7.17,7.04,7.12,249000,7.12,192590.0,7.253,7.2065,7.2298,7.4438,7.55407876805,7.2065,6.85892123195,-0.0624217145484,-0.0522057852171,-0.0102159293313,46.0521105709,27.8387096774,22.8658075231
40,2014-09-23,7.02,7.09,7.02,7.06,119100,7.06,189310.0,7.256,7.2225,7.2352,7.45093333333,7.58193705986,7.2225,6.86306294014,-0.0676976513469,-0.0496518028843,-0.0180458484626,41.9625261263,24.4324596774,19.7342231321
41,2014-09-22,7.06,7.16,7.03,7.05,189300,7.05,188048.0,7.26233333333,7.241,7.2422,7.45833333333,7.60315466309,7.241,6.87884533691,-0.0673378812046,-0.0451403407686,-0.022197540436,41.2735526279,19.9030479127,17.0601497059
42,2014-09-19,7.13,7.18,7.02,7.06,794000,7.06,184954.0,7.26533333333,7.261,7.2468,7.4658,7.62293369558,7.261,6.89906630442,-0.0648810417691,-0.0395909556596,-0.0252900861095,41.7335921032,19.289012825,16.905168127
43,2014-09-18,7.06,7.18,7.03,7.11,168400,7.11,170518.0,7.269,7.277,7.2522,7.47133333333,7.63016285195,7.277,6.92383714805,-0.0618196788276,-0.0332684341322,-0.0285512446954,44.0111602805,15.3123721131,16.8665261258
44,2014-09-17,7.08,7.14,7.0,7.03,199300,7.03,167946.0,7.26733333333,7.286,7.2556,7.4766,7.63075498546,7.286,6.94124501454,-0.0621039802538,-0.0261306229584,-0.0359733572954,39.0709513618,13.7361659727,17.8183914681
45,2014-09-16,7.02,7.11,7.02,7.1,107600,7.1,165426.0,7.268,7.3045,7.2604,7.48226666667,7.63157644366,7.3045,6.97742355634,-0.0534180670886,-0.0171372836345,-0.0362807834541,42.0883232647,19.2831215971,17.7849223805
46,2014-09-15,7.19,7.19,7.0,7.02,141300,7.02,164592.0,7.26666666667,7.318,7.2666,7.48693333333,7.63223558042,7.318,7.00376441958,-0.0486819660365,-0.00806708777098,-0.0406148782655,36.9183906316,19.1344448204,16.8238700885
47,2014-09-12,7.19,7.24,7.08,7.17,194900,7.17,162084.0,7.27266666667,7.329,7.2742,7.49153333333,7.61486010564,7.329,7.04313989436,-0.0337834230059,0.0020866317954,-0.0358700548013,43.7126564291,19.119833482,15.9344149569
48,2014-09-11,7.06,7.25,7.05,7.17,173100,7.17,158690.0,7.27233333333,7.332,7.2776,7.4944,7.61232837887,7.332,7.05167162113,-0.0295487964757,0.0110541454957,-0.0406029419714,43.7126564291,13.6022896224,18.9560664349
49,2014-09-10,7.03,7.13,7.01,7.11,119600,7.11,157592.0,7.275,7.335,7.2812,7.49726666667,7.60955418409,7.335,7.06044581591,-0.0237140724831,0.0212048809886,-0.0449189534717,39.897775914,15.4389124294,27.8116493323
50,2014-09-09,7.12,7.12,7.01,7.03,236100,7.03,156964.0,7.277,7.34,7.2846,7.50073333333,7.60130442017,7.34,7.07869557983,-0.00981282007816,0.0324346193565,-0.0422474394347,34.3925188256,15.5766242938,38.3979439522
51,2014-09-08,7.28,7.31,7.1,7.13,179100,7.13,154198.0,7.285,7.351,7.2904,7.505,7.57504463841,7.351,7.12695536159,0.0162184194653,0.0429964792152,-0.0267780597499,38.4841269221,31.2064393939,52.3005050505
52,2014-09-05,7.24,7.32,7.12,7.29,165200,7.29,151248.0,7.28633333333,7.3515,7.2924,7.508,7.57360583063,7.3515,7.12939416937,0.039026024563,0.0496909941526,-0.0106649695896,46.7467228645,49.0246212121,63.3151830808
53,2014-09-04,7.44,7.51,7.2,7.27,57800,7.27,148664.0,7.28366666667,7.3455,7.2916,7.5106,7.58006129263,7.3455,7.11093870737,0.051278261985,0.05235723655,-0.00107897456503,45.3856962809,57.7840909091,69.2608864811
54,2014-09-03,7.5,7.57,7.3,7.45,273300,7.45,149512.0,7.28266666667,7.335,7.2898,7.51313333333,7.59908332018,7.335,7.07091667982,0.0682070703021,0.0526269801913,0.0155800901108,57.7124098408,71.1868686869,72.6830808081
55,2014-09-02,7.52,7.58,7.42,7.5,160200,7.5,148502.0,7.27433333333,7.315,7.2846,7.5144,7.60090208114,7.315,7.02909791886,0.0704950100769,0.0487319576636,0.0217630524133,62.0600462005,75.2651515152,73.7979411242
56,2014-08-29,7.46,7.56,7.44,7.47,203800,7.47,147952.0,7.265,7.293,7.2808,7.515,7.58619618006,7.293,6.99980381994,0.067298962152,0.0432911945603,0.0240077675917,60.397901738,72.8074348132,73.8825469726
57,2014-08-28,7.48,7.54,7.45,7.47,302900,7.47,144366.0,7.258,7.2795,7.2786,7.51553333333,7.56357569414,7.2795,6.99542430586,0.0652952942602,0.0372892526624,0.0280060415978,60.397901738,71.4728682171,74.442552674
58,2014-08-27,7.47,7.6,7.37,7.52,311500,7.52,139074.0,7.24966666667,7.264,7.2754,7.51653333333,7.53847404249,7.264,6.98952595751,0.061788135689,0.0302877422629,0.0315003934261,64.4559216626,75.6463099515,76.8370847564
59,2014-08-26,7.42,7.54,7.36,7.44,401600,7.44,134036.0,7.24533333333,7.2505,7.2704,7.51946666667,7.49857055448,7.2505,7.00242944552,0.0513220804118,0.0224126439064,0.0289094365054,60.5143753287,75.6035749087,77.8634950054
60,2014-08-25,7.48,7.58,7.24,7.43,285600,7.43,126696.0,7.24366666667,7.237,7.2654,7.52153333333,7.47135869943,7.237,7.00264130057,0.0453625395975,0.0151852847801,0.0301772548174,59.9995143564,75.0474576185,78.1126616647
61,2014-08-22,7.37,7.5,7.33,7.45,385000,7.45,121820.0,7.243,7.229,7.261,7.52333333333,7.44679807162,7.229,7.01120192838,0.0381143614731,0.0076409710757,0.0304733903974,61.4884988054,81.0509965468,78.5914373567
62,2014-08-21,7.28,7.43,7.22,7.38,306900,7.38,115100.0,7.23733333333,7.215,7.2564,7.5246,7.40885561637,7.215,7.02114438363,0.0262722961364,2.26234763605e-05,0.0262496726601,58.109895255,79.7519509476,76.1653428094
63,2014-08-20,7.37,7.39,7.16,7.29,199000,7.29,110148.0,7.23566666667,7.2065,7.2542,7.5264,7.38496848461,7.2065,7.02803151539,0.0179026447993,-0.00653979468866,0.024442439488,53.2090822027,76.6002415459,72.720410628
64,2014-08-19,7.4,7.44,7.31,7.4,596000,7.4,107368.0,7.23533333333,7.204,7.2542,7.5292,7.37908854902,7.204,7.02891145098,0.0161231604411,-0.0126504045607,0.0287735650018,61.355694718,76.9625603865,70.3659851622
65,2014-08-18,7.3,7.45,7.22,7.37,319000,7.37,96410.0,7.231,7.194,7.2516,7.53073333333,7.34425311977,7.194,7.04374688023,0.00241737261744,-0.0198437958111,0.0222611684285,59.7968783611,71.3466183575,66.4328847481
66,2014-08-15,7.29,7.31,7.15,7.24,182300,7.24,91450.0,7.23233333333,7.1865,7.248,7.53173333333,7.31413620176,7.1865,7.05886379824,-0.0120568128974,-0.0254090879182,0.0133522750209,52.0071266287,65.9722222222,62.9513888889
67,2014-08-14,7.23,7.26,7.18,7.23,161500,7.23,89896.0,7.23766666667,7.1875,7.2476,7.53206666667,7.31709552461,7.1875,7.05790447539,-0.0171194014942,-0.0287471566734,0.0116277551793,51.3335838719,67.1825396825,58.3198051948
68,2014-08-13,7.21,7.26,7.16,7.23,130000,7.23,88354.0,7.24133333333,7.187,7.2426,7.52426666667,7.31601162738,7.187,7.05798837262,-0.0223139141905,-0.0316540954683,0.00934018127779,51.3335838719,61.2301587302,49.8791486291
69,2014-08-12,7.23,7.35,7.18,7.21,138500,7.21,89398.0,7.24533333333,7.195,7.2378,7.5168,7.35075621978,7.195,7.03924378022,-0.0286194352801,-0.0339891407877,0.0053697055076,50.1265528455,57.4206349206,41.5737734488
70,2014-08-11,7.14,7.29,7.09,7.25,116500,7.25,88664.0,7.24766666667,7.204,7.2366,7.51046666667,7.38147112441,7.204,7.02652887559,-0.0342149267759,-0.0353315671646,0.00111664038871,52.5469223088,47.4458874459,34.9837662338
71,2014-08-08,7.15,7.22,7.06,7.14,177400,7.14,90278.0,7.25,7.212,7.2352,7.5034,7.41025236442,7.212,7.01374763558,-0.0449318642592,-0.0356107272618,-0.00932113699745,45.8730938473,33.4199134199,32.7813852814
72,2014-08-07,7.08,7.34,6.99,7.17,417400,7.17,87642.0,7.253,7.219,7.2342,7.4972,7.41647404893,7.219,7.02152595107,-0.0467570191669,-0.0332804430124,-0.0134765761545,47.5672870038,28.0086580087,37.7285459638
73,2014-08-06,7.02,7.17,7.02,7.06,122700,7.06,80944.0,7.25566666667,7.227,7.2344,7.49,7.42880188304,7.227,7.02519811696,-0.0514610238794,-0.0299112989738,-0.0215497249056,40.0258175722,31.0606060606,45.2027629234
74,2014-08-05,7.03,7.1,7.0,7.05,59100,7.05,80156.0,7.25966666667,7.238,7.2356,7.48346666667,7.42568057971,7.238,7.05031942029,-0.045516520456,-0.0245238677474,-0.0209926527086,39.2886844598,38.6363636364,51.7410679687
75,2014-08-04,7.23,7.25,7.02,7.06,195400,7.06,82382.0,7.26433333333,7.249,7.2354,7.47693333333,7.41596107331,7.249,7.08203892669,-0.0362489321526,-0.0192757045703,-0.0169732275823,39.7422598251,53.2085561497,53.9469866504
76,2014-08-01,7.19,7.25,7.13,7.2,132600,7.2,79884.0,7.27266666667,7.2665,7.235,7.4706,7.42363370103,7.2665,7.10936629897,-0.0249110440685,-0.0150323976747,-0.00987864639382,46.7600483251,57.9055258467,49.292945439
77,2014-07-31,7.19,7.29,7.15,7.16,93100,7.16,79940.0,7.278,7.2765,7.2334,7.4628,7.44072849935,7.2765,7.11227150065,-0.0243319790002,-0.0125627360762,-0.011769242924,44.143247477,57.213826242,42.9807908357
78,2014-07-30,7.24,7.26,7.15,7.25,66800,7.25,84604.0,7.283,7.2855,7.233,7.45586666667,7.44278636304,7.2855,7.12821363696,-0.0191662344367,-0.00962042534523,-0.0095458090915,49.1951264179,47.4600383632,34.2468907268
79,2014-07-29,7.29,7.32,7.15,7.17,75800,7.17,84032.0,7.28366666667,7.2905,7.2324,7.44866666667,7.44930491176,7.2905,7.13169508824,-0.021457720693,-0.00723397307236,-0.0142237476206,43.8954475864,34.5923913043,28.7830908135
80,2014-07-28,7.21,7.28,6.99,7.27,190100,7.27,83542.0,7.28433333333,7.296,7.233,7.44126666667,7.44505032707,7.296,7.14694967293,-0.0159249235772,-0.00367803616721,-0.01224688741,49.9424374474,32.6569074334,27.3930575035
81,2014-07-25,7.15,7.2,7.13,7.17,146100,7.17,82430.0,7.28233333333,7.2985,7.2324,7.4326,7.44739929482,7.2985,7.14960070518,-0.018813245461,-0.000616314314717,-0.0181969311463,42.5998698691,22.2782258065,26.0836693548
82,2014-07-24,7.27,7.3,7.13,7.21,42700,7.21,85174.0,7.284,7.3015,7.2324,7.426,7.44210938802,7.3015,7.16089061198,-0.0120443290951,0.00393291847186,-0.015977247567,45.0545339234,25.6048387097,31.1995967742
83,2014-07-23,7.2,7.3,7.2,7.24,55500,7.24,86036.0,7.286,7.3035,7.2338,7.41793333333,7.43992213896,7.3035,7.16707786104,-0.00730226741949,0.00792723036361,-0.0152294977831,46.9381226655,29.0322580645,38.6058162268
84,2014-07-22,7.23,7.25,7.19,7.2,43300,7.2,87834.0,7.28766666667,7.3005,7.2362,7.40833333333,7.44478790663,7.3005,7.15621209337,-0.00419800299102,0.0117346048094,-0.0159326078004,44.0416703696,27.4193548387,47.8494623656
85,2014-07-21,7.23,7.23,7.16,7.22,32300,7.22,90150.0,7.29,7.3,7.2374,7.3994,7.44573949362,7.3,7.15426050638,0.00389795637756,0.0157177567595,-0.0118198003819,45.1868704067,42.7419354839,58.5349462366
86,2014-07-18,7.19,7.29,7.19,7.26,69800,7.26,91820.0,7.289,7.3045,7.2344,7.39066666667,7.44556381534,7.3045,7.16343618466,0.0121382833334,0.018672706855,-0.00653442352154,47.4796948483,55.22971652,63.9479472141
87,2014-07-17,7.33,7.33,7.17,7.22,93900,7.22,93134.0,7.28766666667,7.3095,7.2338,7.38126666667,7.45098851543,7.3095,7.16801148457,0.0184066528904,0.0203063127354,-0.00189965984494,44.8827583459,66.0068426197,64.4555433366
88,2014-07-16,7.43,7.44,7.3,7.39,48100,7.39,97598.0,7.27966666667,7.314,7.2354,7.37406666667,7.44941048704,7.314,7.17858951296,0.030212365992,0.0207812276966,0.00943113829544,55.7644295921,70.1612903226,59.9329993483
89,2014-07-15,7.44,7.45,7.37,7.39,85000,7.39,100446.0,7.26633333333,7.308,7.2378,7.3648,7.44,7.308,7.176,0.0275322053909,0.0184234431227,0.0091087622682,55.7644295921,64.3939393939,56.9286616162
90,2014-07-14,7.36,7.44,7.33,7.41,56000,7.41,100116.0,7.25833333333,7.298,7.2378,7.35553333333,7.43388230201,7.298,7.16211769799,0.023710877418,0.0161462525557,0.00756462486234,57.1704757414,57.2601010101,56.8023989899
91,2014-07-11,7.3,7.34,7.26,7.28,34600,7.28,102476.0,7.25066666667,7.288,7.238,7.3458,7.41878226179,7.288,7.15721773821,0.0164522242247,0.0142550963401,0.0021971278846,49.4824826643,47.9166666667,59.5012626263
92,2014-07-10,7.14,7.39,7.14,7.33,72200,7.33,103790.0,7.24433333333,7.285,7.2406,7.33793333333,7.41908952233,7.285,7.15091047767,0.0201846017965,0.0137058143689,0.00647878742755,52.8719965082,58.1439393939,65.9248737374
93,2014-07-09,7.31,7.31,7.25,7.28,39800,7.28,107712.0,7.23933333333,7.282,7.2444,7.3304,7.41460467563,7.282,7.14939532437,0.0195639695075,0.0120861175121,0.0074778519954,49.6707296246,63.8888888889,68.5185185185
94,2014-07-08,7.38,7.38,7.2,7.27,73300,7.27,112336.0,7.234,7.2825,7.2502,7.3242,7.41514614581,7.2825,7.14985385419,0.0235781592839,0.0102166545132,0.0133615047707,49.027712894,68.0555555556,69.6412037037
95,2014-07-07,7.36,7.43,7.31,7.41,65900,7.41,113402.0,7.22633333333,7.2825,7.2594,7.3188,7.41514614581,7.2825,7.14985385419,0.0293769519181,0.00687627832053,0.0225006735975,58.7926116124,73.6111111111,68.8541666667
96,2014-07-03,7.39,7.43,7.38,7.4,15900,7.4,113708.0,7.214,7.2715,7.2702,7.31293333333,7.39628381305,7.2715,7.14671618695,0.0220964733977,0.00125110992115,0.0208453634766,58.240961282,68.5185185185,66.0532407407
97,2014-07-02,7.35,7.38,7.3,7.34,25200,7.34,115734.0,7.20466666667,7.2625,7.281,7.30666666667,7.37419153952,7.2625,7.15080846048,0.0135007139279,-0.003960230948,0.0174609448759,54.875306033,68.3796296296,62.6736111111
98,2014-07-01,7.29,7.47,7.27,7.35,118200,7.35,119742.0,7.198,7.2445,7.2924,7.30033333333,7.40555589092,7.2445,7.08344410908,0.0084421160019,-0.00832546716696,0.0167675831689,55.568430666,64.9074074074,56.6203703704
99,2014-06-30,7.28,7.31,7.14,7.28,88200,7.28,119794.0,7.19366666667,7.2265,7.301,7.29326666667,7.4145717948,7.2265,7.0384282052,0.000844529325461,-0.0125173629592,0.0133618922846,51.5942790886,62.4074074074,53.1018518519
100,2014-06-27,7.18,7.34,7.18,7.32,97800,7.32,119352.0,7.191,7.22,7.3122,7.2866,7.40920887928,7.22,7.03079112072,-0.00173776536811,-0.0158578360303,0.0141200706622,54.1649618427,55.0,52.9166666667
101,2014-06-26,7.23,7.24,7.17,7.23,31600,7.23,118614.0,7.18833333333,7.213,7.3202,7.2786,7.39718468992,7.213,7.02881531008,-0.00908116309891,-0.0193878536959,0.010306690597,48.8391951362,44.1666666667,58.3712121212
102,2014-06-25,7.12,7.27,7.11,7.25,36000,7.25,120190.0,7.18633333333,7.206,7.3286,7.27173333333,7.39756200041,7.206,7.01443799959,-0.00915828292116,-0.0219645263451,0.012806243424,50.0389585275,50.8333333333,69.797979798
103,2014-06-24,7.16,7.29,7.15,7.18,100200,7.18,121270.0,7.18733333333,7.2025,7.337,7.26446666667,7.39327473627,7.2025,7.01172526373,-0.0111598681063,-0.0251660872011,0.0140062190948,45.7040720489,61.6666666667,78.9330808081
104,2014-06-23,7.24,7.31,7.15,7.19,222800,7.19,122506.0,7.19333333333,7.1995,7.3478,7.25693333333,7.39345618062,7.1995,7.00554381938,-0.00642502057022,-0.0286676419748,0.0222426214046,46.2362366721,76.8181818182,83.6237373737
105,2014-06-20,7.34,7.38,7.21,7.31,132700,7.31,129240.0,7.19566666667,7.192,7.3598,7.24813333333,7.39806794996,7.192,6.98593205004,-0.00130636032492,-0.034228297326,0.0329219370011,53.1294731358,89.8737373737,83.3428030303
106,2014-06-19,7.33,7.36,7.26,7.36,24500,7.36,128988.0,7.18766666667,7.1785,7.3726,7.23873333333,7.38723667622,7.1785,6.96976332378,-0.00697226873439,-0.0424587815763,0.0354865128419,56.3817167444,87.3737373737,79.797979798
107,2014-06-18,7.25,7.33,7.18,7.31,38300,7.31,131710.0,7.18333333333,7.1665,7.3834,7.22866666667,7.35909023859,7.1665,6.97390976141,-0.0191935224682,-0.0513304097867,0.0321368873186,53.7529829901,80.4292929293,78.6142676768
108,2014-06-17,7.12,7.29,7.12,7.27,59600,7.27,138092.0,7.183,7.158,7.3944,7.21813333333,7.33917394956,7.158,6.97682605044,-0.0294221987252,-0.0593646316164,0.0299424328912,51.5854838554,75.6944444444,80.7133838384
109,2014-06-16,7.17,7.23,7.08,7.19,34600,7.19,159390.0,7.191,7.1555,7.4078,7.20846666667,7.33173563771,7.1555,6.97926436229,-0.0379770226208,-0.0668502398392,0.0288732172183,46.9697100138,75.6944444444,83.8541666667
110,2014-06-13,7.26,7.29,7.17,7.21,41800,7.21,171678.0,7.19766666667,7.156,7.4234,7.1992,7.3326805026,7.156,6.9793194974,-0.040198241155,-0.0740685441437,0.0338703029887,48.0327802937,82.6388888889,87.0643939394
111,2014-06-12,7.26,7.26,7.19,7.22,49000,7.22,184278.0,7.20466666667,7.1575,7.4388,7.1892,7.33648323944,7.1575,6.97851676056,-0.0444849856673,-0.0825361198909,0.0380511342236,48.5428798627,88.8257575758,83.3053751804
112,2014-06-11,7.23,7.3,7.22,7.27,59300,7.27,234364.0,7.211,7.155,7.4524,7.17786666667,7.3318049773,7.155,6.9781950227,-0.0503275579623,-0.0920489034468,0.0417213454845,51.0604842158,88.2575757576,71.939033189
113,2014-06-10,7.21,7.31,7.21,7.29,60000,7.29,237692.0,7.21933333333,7.1555,7.4566,7.16693333333,7.33365442739,7.1555,6.97734557261,-0.0621436766667,-0.102479239818,0.0403355631512,52.0634125054,88.5353535354,59.8151154401
114,2014-06-09,7.16,7.27,7.16,7.27,48100,7.27,242192.0,7.22866666667,7.159,7.4598,7.15573333333,7.3498821626,7.159,6.9681178374,-0.0783577965161,-0.112563130606,0.0342053340897,51.172855768,67.6028138528,46.2467532468
115,2014-06-06,7.28,7.28,7.16,7.19,71000,7.19,251168.0,7.244,7.1585,7.4614,7.1448,7.34826564494,7.1585,6.96873435506,-0.0958767960836,-0.121114464128,0.0252376680445,47.5539025877,43.3603896104,39.16496004
116,2014-06-05,7.01,7.25,7.0,7.22,104600,7.22,254256.0,7.26933333333,7.1525,7.4662,7.13473333333,7.34546372716,7.1525,6.95953627284,-0.108697383952,-0.127423881139,0.0187264971871,48.8137275147,39.7619047619,42.078958079
117,2014-06-04,6.95,7.03,6.95,6.98,84400,6.98,257270.0,7.29333333333,7.153,7.4734,7.12473333333,7.34671112513,7.153,6.95928887487,-0.126534608702,-0.132105505436,0.00557089673449,36.2719185625,34.2619047619,44.0095645096
118,2014-06-03,7.1,7.18,6.99,6.99,182200,6.99,258342.0,7.32433333333,7.169,7.486,7.11606666667,7.35564404625,7.169,6.98235595375,-0.12302452671,-0.13349822962,0.01047370291,36.6190692689,39.2756410256,43.5224880133
119,2014-06-02,7.17,7.17,7.06,7.15,101800,7.15,261794.0,7.35066666667,7.195,7.5018,7.107,7.4163142562,7.195,6.9736857438,-0.117773119851,-0.136116655347,0.0183435354958,42.6892455688,55.0163817664,39.8589005281
120,2014-05-30,7.13,7.23,7.08,7.18,197200,7.18,262330.0,7.37366666667,7.207,7.518,7.09706666667,7.44280500419,7.207,6.97119499581,-0.125648260627,-0.140702539221,0.0150542785939,43.9579125963,47.4843304843,29.6407321462
121,2014-05-29,7.19,7.2,7.03,7.09,45600,7.09,266544.0,7.39166666667,7.219,7.5342,7.0866,7.47189523523,7.219,6.96610476477,-0.136926738336,-0.14446610887,0.00753937053392,38.8995475149,32.313598777,21.1874929141
122,2014-05-28,7.09,7.2,7.07,7.18,82500,7.18,266904.0,7.41033333333,7.235,7.5536,7.07693333333,7.49365034313,7.235,6.97634965687,-0.140166879144,-0.146350951503,0.00618407235898,42.4580853712,24.6212910847,18.7481909642
123,2014-05-27,7.07,7.19,7.07,7.12,83300,7.12,266536.0,7.42666666667,7.252,7.5708,7.0666,7.53727881099,7.252,6.96672118901,-0.151427322443,-0.147896969593,-0.00353035285009,39.0038365522,14.1437082387,20.0838177892
124,2014-05-23,7.06,7.09,7.01,7.04,170400,7.04,266200.0,7.44666666667,7.2745,7.5894,7.05806666667,7.58449838709,7.2745,6.96450161291,-0.157488072654,-0.14701438138,-0.0104736912739,34.106427049,13.6713735558,25.0378656669
125,2014-05-22,7.13,7.16,7.04,7.04,70500,7.04,268502.0,7.47166666667,7.309,7.6102,7.0496,7.65805013966,7.309,6.95994986034,-0.154787603685,-0.144395958562,-0.0103916451235,34.106427049,22.5563909774,29.9698900028
126,2014-05-21,7.15,7.23,7.1,7.12,135400,7.12,270014.0,7.502,7.3545,7.6314,7.04106666667,7.78024522898,7.3545,6.92875477102,-0.149089367239,-0.141798047281,-0.00729131995782,36.6432397129,29.9637983849,32.7798663325
127,2014-05-20,7.18,7.24,7.05,7.14,326300,7.14,270250.0,7.528,7.3955,7.6508,7.0312,7.87726654097,7.3955,6.91373345903,-0.147793227378,-0.139975217292,-0.00781801008649,37.2870614797,33.9598997494,34.7846896831
128,2014-05-19,7.14,7.25,7.14,7.22,38200,7.22,267476.0,7.552,7.434,7.6706,7.02186666667,7.94980616514,7.434,6.91819383486,-0.146025525557,-0.13802071477,-0.00800481078758,39.8903028243,33.3994708995,35.2848834042
129,2014-05-16,7.21,7.26,7.09,7.2,51300,7.2,267612.0,7.576,7.462,7.689,7.01173333333,7.9889762803,7.462,6.9350237197,-0.149790742135,-0.136019512073,-0.0137712300618,38.9000352484,33.7962962963,34.420554708
130,2014-05-15,7.11,7.27,7.07,7.24,134500,7.24,267912.0,7.60166666667,7.494,7.708,7.00093333333,8.03108099948,7.494,6.95691900052,-0.15038138959,-0.132576704558,-0.0178046850321,40.1277519437,37.9830917874,31.267477179
131,2014-05-14,7.28,7.28,7.16,7.17,283300,7.17,267914.0,7.62633333333,7.518,7.7258,6.98833333333,8.05041337324,7.518,6.98558662676,-0.153020632129,-0.1281255333,-0.0248950988295,36.8911302996,35.9606746334,25.0515029938
132,2014-05-13,7.33,7.4,7.25,7.28,85800,7.28,272952.0,7.65066666667,7.542,7.7452,6.9764,8.0523175482,7.542,7.0316824518,-0.147036237957,-0.121901758592,-0.0251344793652,40.0503722505,29.9421561149,19.3298677762
133,2014-05-12,7.34,7.42,7.25,7.36,145400,7.36,275144.0,7.65733333333,7.5615,7.7618,6.96453333333,8.05994859314,7.5615,7.06305140686,-0.148459265935,-0.115618138751,-0.0328411271843,42.5087696006,21.1839861803,15.8834101334
134,2014-05-09,7.04,7.27,7.04,7.26,159100,7.26,274492.0,7.66033333333,7.5795,7.7776,6.9526,8.0735232788,7.5795,7.0854767212,-0.156261614141,-0.107407856955,-0.0488537571857,38.0984247081,13.1191950464,15.0656569405
135,2014-05-08,7.25,7.31,7.07,7.07,115800,7.07,279224.0,7.66333333333,7.606,7.7952,6.94073333333,8.08526610562,7.606,7.12673389438,-0.153765533281,-0.0951944176583,-0.0585711156223,28.4089921644,13.0741337631,15.8481665003
136,2014-05-07,7.23,7.33,7.15,7.23,135500,7.23,279048.0,7.67533333333,7.65,7.8162,6.93106666667,8.08377413477,7.65,7.21622586523,-0.128997582317,-0.0805516387528,-0.0484459435644,32.3711988271,16.1563255439,15.5018909123
137,2014-05-06,7.46,7.46,7.18,7.3,317100,7.3,280062.0,7.687,7.6835,7.834,6.92093333333,8.08461220375,7.6835,7.28238779625,-0.111799250981,-0.0684401528617,-0.0433590981194,34.3155069479,17.9129734085,14.2272645319
138,2014-05-05,7.34,7.58,7.32,7.51,190500,7.51,278760.0,7.69733333333,7.7115,7.851,6.90946666667,8.07833920183,7.7115,7.34466079817,-0.0953490280614,-0.0576003783318,-0.0377486497295,41.2108227841,16.2492332856,14.0596083369
139,2014-05-02,7.43,7.55,7.38,7.39,68500,7.39,283020.0,7.70633333333,7.733,7.8638,6.89646666667,8.10048333295,7.733,7.36551666705,-0.0943474849448,-0.0481632158994,-0.0461842690454,34.1946149171,11.6890314111,19.1110771052
140,2014-05-01,7.38,7.47,7.3,7.42,174000,7.42,289758.0,7.72533333333,7.762,7.8798,6.8846,8.10751989812,7.762,7.41648010188,-0.0794786428587,-0.0366171486381,-0.0428614942206,35.1689764255,11.0578200224,29.791760429
141,2014-04-30,7.5,7.5,7.36,7.41,100300,7.41,296954.0,7.74433333333,7.79,7.8948,6.87253333333,8.10993749389,7.79,7.47006250611,-0.0623990859727,-0.0259017750829,-0.0364973108897,34.592094803,17.2423486284,45.3164145453
142,2014-04-29,7.58,7.73,7.46,7.52,268300,7.52,320932.0,7.766,7.8145,7.91,6.86186666667,8.08560698995,7.8145,7.54339301005,-0.0386735557512,-0.0167774473605,-0.0218961083907,38.050467767,36.4551083591,60.106823765
143,2014-04-28,7.75,7.8,7.54,7.57,271000,7.57,317254.0,7.78333333333,7.8125,7.9174,6.85053333333,8.09270528189,7.8125,7.53229471811,-0.0190286272759,-0.0113034202628,-0.00772520701303,39.7268446882,54.4117647059,68.5281389126
144,2014-04-25,7.89,7.96,7.72,7.73,126600,7.73,313970.0,7.79933333333,7.8065,7.924,6.8388,8.1112802487,7.8065,7.5017197513,0.00123131601127,-0.00937211850958,0.0106034345208,45.7109180923,73.1564364876,69.6280459648
145,2014-04-24,7.96,8.0,7.89,7.95,81200,7.95,312834.0,7.811,7.7875,7.927,6.82533333333,8.150756108,7.7875,7.424243892,0.0107815517558,-0.0120229771398,0.0228045288956,56.5955311471,76.4039855072,62.2475016577
146,2014-04-23,7.88,8.03,7.88,7.94,117200,7.94,313694.0,7.816,7.7615,7.924,6.81033333333,8.1481923842,7.7615,7.3748076158,0.000414302807761,-0.0177241093637,0.0181384121714,56.1548676551,70.1403689495,52.1402416643
147,2014-04-22,7.78,7.91,7.77,7.91,225600,7.91,313424.0,7.821,7.7435,7.9194,6.7948,8.1287933947,7.7435,7.3582066053,-0.0118059211631,-0.0222587124065,0.0104527912435,54.8787512029,58.8113929147,42.5434871914
148,2014-04-21,7.83,7.88,7.76,7.78,120800,7.78,310062.0,7.82833333333,7.7285,7.9132,6.77886666667,8.11003767835,7.7285,7.34696232165,-0.0241771027235,-0.0248719102174,0.000694807493894,48.8934985378,43.6342592593,37.4025180768
149,2014-04-17,7.7,7.86,7.7,7.84,66100,7.84,310226.0,7.84033333333,7.7285,7.9096,6.764,8.11003767835,7.7285,7.34696232165,-0.026379198421,-0.0250456120909,-0.00133358633013,51.8405965753,35.9749455338,39.9309495818
150,2014-04-16,7.67,7.75,7.63,7.72,60900,7.72,310900.0,7.85066666667,7.7345,7.9054,6.74893333333,8.1264936224,7.7345,7.3425063776,-0.0349152667706,-0.0247122155083,-0.0102030512623,45.770047009,31.7533510579,47.8877984982
151,2014-04-15,7.69,7.73,7.52,7.65,110400,7.65,312622.0,7.86433333333,7.748,7.9044,6.7346,8.15536224665,7.748,7.34063775335,-0.0330843537656,-0.0221614526928,-0.0109229010728,41.796011259,38.2475164562,58.9194624677
152,2014-04-14,7.77,7.79,7.61,7.67,90000,7.67,313108.0,7.88066666667,7.7685,7.903,6.72033333333,8.1948930112,7.7685,7.3421069888,-0.0231389432935,-0.0194307274246,-0.00370821586898,42.6247188975,53.7479852795,69.6898618346
153,2014-04-11,7.71,7.83,7.68,7.72,162000,7.72,315806.0,7.89533333333,7.787,7.9032,6.70566666667,8.2265952684,7.787,7.3474047316,-0.0121447802068,-0.0185036734573,0.00635889325056,44.6813088817,67.802341199,76.7433718439
154,2014-04-10,7.92,7.98,7.74,7.79,559500,7.79,314490.0,7.90966666667,7.8035,7.9018,6.68953333333,8.25636973845,7.8035,7.35063026155,-0.00302648797298,-0.02009339677,0.017066908797,47.6714222149,75.880006936,80.9162042656
155,2014-04-09,7.92,7.96,7.86,7.95,120100,7.95,307364.0,7.92133333333,7.818,7.8988,6.67373333333,8.28651253985,7.818,7.34948746015,0.00152851757592,-0.0243601239692,0.0258886415451,55.5634419569,81.3291139241,83.2630098453
156,2014-04-08,7.87,7.97,7.82,7.9,160600,7.9,308298.0,7.927,7.8255,7.8916,6.65666666667,8.30685122312,7.8255,7.34414877688,-0.00897078105185,-0.0308322843555,0.0218615033036,53.3210231844,81.9620253165,80.5672761369
157,2014-04-07,7.97,8.0,7.81,7.86,357400,7.86,310882.0,7.93433333333,7.835,7.8846,6.6386,8.32918619973,7.835,7.34081380027,-0.0171503108487,-0.0362976601814,0.0191473493327,51.5030127478,84.4936708861,73.4834794317
158,2014-04-04,8.0,8.06,7.85,7.94,1124500,7.94,308386.0,7.944,7.8485,7.8798,6.6212,8.35915741941,7.8485,7.33784258059,-0.0232681789044,-0.0410844975146,0.0178163186102,55.5186976357,85.2672292546,60.7310780754
159,2014-04-03,7.97,8.0,7.92,7.97,649000,7.97,291454.0,7.951,7.8585,7.8802,6.6046,8.38356285338,7.8585,7.33343714662,-0.0388838115296,-0.0455385771671,0.00665476563752,57.0681101778,70.5461790905,43.097787127
160,2014-04-02,7.89,8.0,7.79,7.98,671800,7.98,280694.0,7.95833333333,7.8675,7.8758,6.58853333333,8.40590040862,7.8675,7.32909959138,-0.0613039999125,-0.0472022685765,-0.0141017313361,57.5653697566,53.6268384958,28.0452216825
161,2014-04-01,7.55,8.06,7.55,7.9,2553300,7.9,271550.0,7.96466666667,7.875,7.8702,6.57173333333,8.42354352608,7.875,7.32645647392,-0.090046800359,-0.0436768357425,-0.0463699646165,54.6285475696,33.4840654608,16.7208034648
162,2014-03-31,7.47,7.67,7.47,7.48,225700,7.48,222444.0,7.97366666667,7.887,7.865,6.5564,8.4475747051,7.887,7.3264252949,-0.117277839469,-0.0320843445883,-0.0851934948807,31.5261866067,14.7340654608,10.8450013387
163,2014-03-28,7.33,7.62,7.33,7.45,285000,7.45,221538.0,7.98733333333,7.9185,7.8684,6.5436,8.45430873453,7.9185,7.38269126547,-0.107565051723,-0.0107859708681,-0.0967790808546,29.1328377489,10.3359173127,10.2643381016
164,2014-03-27,7.46,7.51,7.27,7.35,496900,7.35,219960.0,8.00233333333,7.9535,7.8736,6.5312,8.45251001994,7.9535,7.45448998006,-0.0905488746105,0.0134087993455,-0.103957673956,20.5358391686,8.32916562474,11.3987422045
165,2014-03-26,7.66,7.73,7.41,7.43,225400,7.43,224128.0,8.02,7.993,7.8792,6.51926666667,8.41357579578,7.993,7.57242420422,-0.057331152193,0.0393982178345,-0.0967293700275,22.5697600651,9.98085695666,14.3117159498
166,2014-03-25,7.64,7.7,7.53,7.58,255300,7.58,253398.0,8.03233333333,8.0275,7.881,6.50706666667,8.36209677225,8.0275,7.69290322775,-0.0222448060936,0.0635805603414,-0.0858253664349,27.2726593804,12.4114125122,16.9538123167
167,2014-03-24,7.81,7.88,7.53,7.61,138000,7.61,280034.0,8.03666666667,8.0545,7.8752,6.4932,8.32039283555,8.0545,7.78860716445,0.00758896374375,0.0850369019501,-0.0774479382063,28.3705308867,14.8735337243,19.6274743402
168,2014-03-21,7.95,7.95,7.71,7.78,354800,7.78,278000.0,8.03633333333,8.0815,7.8442,6.4798,8.25496757622,8.0815,7.90803242378,0.042502772318,0.104398886502,-0.0618961141837,35.9949905796,19.9810606061,22.821969697
169,2014-03-20,7.99,7.99,7.93,7.96,128600,7.96,271880.0,8.03033333333,8.1,7.8108,6.46573333333,8.20714476188,8.1,7.99285523812,0.0691381749373,0.119872915048,-0.0507347401103,48.9214598765,20.5492424242,25.15625
170,2014-03-19,8.02,8.08,7.95,7.99,407900,7.99,270042.0,8.01933333333,8.1115,7.7768,6.45173333333,8.20451075206,8.1115,8.01848924794,0.0838017153722,0.132556600075,-0.048754884703,51.800416859,23.1060606061,27.0454545455
171,2014-03-18,8.02,8.07,8.02,8.06,63600,8.06,262802.0,8.00866666667,8.1205,7.7408,6.43886666667,8.19833957862,8.1205,8.04266042138,0.0982442456674,0.144745321251,-0.0465010755836,59.3704585716,27.6515151515,29.375
172,2014-03-17,8.05,8.13,8.03,8.04,64100,8.04,262866.0,7.99266666667,8.126,7.7038,6.42613333333,8.20147184905,8.126,8.05052815095,0.108121886216,0.156370590147,-0.0482487039306,57.7316525194,29.3181818182,31.2121212121
173,2014-03-14,8.0,8.07,8.0,8.05,66500,8.05,262604.0,7.98066666667,8.1185,7.6648,6.4136,8.24150812981,8.1185,7.99549187019,0.121193029081,0.168432766129,-0.0472397370486,58.8334331969,28.1060606061,33.4659090909
174,2014-03-13,8.1,8.11,8.0,8.08,285500,8.08,262356.0,7.96733333333,8.111,7.6254,6.40086666667,8.26434927453,8.111,7.95765072547,0.135095571005,0.180242700392,-0.0451471293864,62.1368788695,32.4242424242,37.6893939394
175,2014-03-12,8.07,8.11,8.02,8.1,146100,8.1,257312.0,7.95266666667,8.101,7.5852,6.38606666667,8.28429211658,8.101,7.91770788342,0.147820698028,0.191529482738,-0.0437087847098,64.3744698341,35.0,40.321969697
176,2014-03-11,8.1,8.15,8.07,8.09,147200,8.09,255042.0,7.93566666667,8.086,7.5454,6.37193333333,8.31142404486,8.086,7.86057595514,0.159876104549,0.202456678916,-0.042580574367,63.7687101282,38.3333333333,42.9000369549
177,2014-03-10,8.11,8.15,8.08,8.13,187600,8.13,254756.0,7.91766666667,8.067,7.5042,6.35966666667,8.34564672975,8.067,7.78835327025,0.173955898259,0.213101822507,-0.0391459242482,68.0675838531,45.0,45.9989375462
178,2014-03-07,8.15,8.17,8.14,8.14,45000,8.14,251564.0,7.90066666667,8.0405,7.464,6.34633333333,8.38351457695,8.0405,7.69748542305,0.185323840075,0.222888303569,-0.0375644634944,69.1497475992,42.9545454545,49.5070643279
179,2014-03-06,8.17,8.17,8.13,8.15,66300,8.15,251884.0,7.89466666667,8.0135,7.4246,6.33166666667,8.40282120415,8.0135,7.62417879585,0.196119666319,0.232279419443,-0.0361597531241,70.1858859494,45.3122690318,55.8905969539
180,2014-03-05,8.14,8.18,8.1,8.13,134600,8.13,254544.0,7.88133333333,7.9875,7.3828,6.31706666667,8.40529779798,7.9875,7.56970220202,0.206028234851,0.241319357724,-0.0352911228731,69.3324891919,50.7289356984,62.6277536669
181,2014-03-04,8.07,8.22,8.07,8.14,535200,8.14,253206.0,7.867,7.9645,7.3396,6.303,8.39871077831,7.9645,7.53028922169,0.217714760725,0.250142138442,-0.0324273777173,70.2663056445,59.032507127,68.3908112808
182,2014-03-03,8.14,8.16,8.08,8.11,195400,8.11,243322.0,7.85033333333,7.9365,7.3004,6.28886666667,8.39345842262,7.9365,7.47954157738,0.228446075412,0.258248982872,-0.0298029074598,69.1072123337,68.4886759582,72.5696507479
183,2014-02-28,8.16,8.21,8.14,8.15,112800,8.15,241908.0,7.835,7.915,7.2582,6.27553333333,8.37770941205,7.915,7.45229058795,0.241874828697,0.265699709737,-0.0238248810395,72.6117478934,72.2608958838,75.4371748413
184,2014-02-27,8.1,8.15,8.1,8.14,395700,8.14,242316.0,7.82033333333,7.89,7.2112,6.26246666667,8.35324939288,7.89,7.42675060712,0.251423894473,0.271655929996,-0.0202320355236,72.2854834634,73.781166154,78.1489778974
185,2014-02-26,8.15,8.16,8.1,8.12,107000,8.12,235936.0,7.80333333333,7.865,7.1656,6.24953333333,8.32554315759,7.865,7.40445684241,0.26097308178,0.276713938877,-0.0157408570976,71.6584742084,75.7478649957,81.1967279079
186,2014-02-25,8.13,8.19,8.1,8.12,186200,8.12,235466.0,7.78333333333,7.8385,7.1214,6.23693333333,8.29829451932,7.8385,7.37870548068,0.271401708753,0.280649153152,-0.00924744439889,71.6584742084,79.9587723317,84.3538402916
187,2014-02-24,8.13,8.21,8.11,8.15,252000,8.15,233660.0,7.75566666667,7.81,7.076,6.22373333333,8.26712142807,7.81,7.35287857193,0.28076476778,0.282961014251,-0.00219624647119,73.8184734387,83.1081081081,87.3028204358
188,2014-02-21,8.17,8.2,8.13,8.15,403500,8.15,230580.0,7.686,7.7835,7.0358,6.21,8.21967771607,7.7835,7.34732228393,0.285577039226,0.283510075869,0.0020669633565,73.8184734387,85.972166196,90.3291706257
189,2014-02-20,8.17,8.19,8.13,8.19,405400,8.19,223756.0,7.618,7.774,6.9928,6.19693333333,8.18540734072,7.774,7.36259265928,0.287565399664,0.28299333503,0.00457206463366,76.4684225936,88.3763145304,92.4302485284
190,2014-02-19,8.18,8.29,8.13,8.17,533800,8.17,217502.0,7.55366666667,7.752,6.949,6.18233333333,8.11645027096,7.752,7.38754972904,0.281847773901,0.281850318872,-2.54497122321e-06,76.0695738439,91.7546929088,92.6734494022
191,2014-02-18,7.9,8.22,7.88,8.17,1299200,8.17,208140.0,7.48766666667,7.7285,6.9046,6.1678,8.03867898059,7.7285,7.41832101941,0.272486763942,0.281850955115,-0.00936419117227,76.0695738439,95.2135088676,88.2117615637
192,2014-02-14,7.91,7.93,7.73,7.89,84400,7.89,183356.0,7.42233333333,7.702,6.8632,6.15353333333,7.93860938274,7.702,7.46539061726,0.256575267393,0.284192002908,-0.0276167355148,69.9137902764,94.3764778067,78.5129026636
193,2014-02-13,7.8,7.9,7.76,7.9,106800,7.9,184852.0,7.36233333333,7.69,6.8294,6.1406,7.91108821769,7.69,7.46891178231,0.261043498817,0.291096186786,-0.0300526879697,70.5153431675,89.3491180256,65.489793531
194,2014-02-12,7.82,7.89,7.79,7.88,69800,7.88,184844.0,7.30166666667,7.6805,6.7984,6.1282,7.87994673474,7.6805,7.48105326526,0.26193140876,0.298609358779,-0.0366779500185,70.0365498256,73.907941555,51.8627800459
195,2014-02-11,7.74,7.84,7.7,7.8,124200,7.8,184150.0,7.24133333333,7.668,6.77,6.1136,7.84605617091,7.668,7.48994382909,0.261291156961,0.307778846283,-0.0464876893225,68.1132943115,56.4180732673,41.1094160206
196,2014-02-10,7.62,7.72,7.55,7.71,103700,7.71,182672.0,7.185,7.654,6.7446,6.0988,7.83237040113,7.654,7.47562959887,0.264818818745,0.319400768614,-0.0545819498692,65.8215544822,42.2840412761,35.6783670915
197,2014-02-07,7.61,7.69,7.6,7.6,57500,7.6,185622.0,7.129,7.633,6.7196,6.08446666667,7.8694825575,7.633,7.3965174425,0.27463312424,0.333046256081,-0.0584131318414,62.7860801136,34.8410640852,33.778053312
198,2014-02-06,7.71,7.81,7.6,7.6,129000,7.6,185616.0,7.07966666667,7.556,6.6954,6.07293333333,8.28184846903,7.556,6.83015153097,0.294365083265,0.347649539042,-0.0532844557768,62.7860801136,30.8944854538,33.089637335
199,2014-02-05,7.65,7.73,7.58,7.63,99800,7.63,184140.0,7.032,7.4815,6.6692,6.05973333333,8.44194312689,7.4815,6.52105687311,0.3152685643,0.360970652986,-0.0457020886858,64.1253346022,34.693877551,33.2076308784
200,2014-02-04,7.62,7.7,7.55,7.67,147000,7.67,183212.0,6.97966666667,7.413,6.6422,6.046,8.50738749993,7.413,6.31861250007,0.334308737341,0.372396175157,-0.0380874378167,65.8647645277,34.6827861579,31.8797446515
201,2014-02-03,7.68,7.68,7.5,7.58,134700,7.58,181108.0,6.923,7.339,6.6112,6.03186666667,8.54801447469,7.339,6.12998552531,0.349675522024,0.381918034612,-0.0322425125877,63.8140004503,32.0874001775,31.970535163
202,2014-01-31,7.49,7.8,7.47,7.68,224900,7.68,179986.0,6.87633333333,7.2705,6.5836,6.01766666667,8.5690603567,7.2705,5.9719396433,0.373366574154,0.389978662758,-0.0166120886047,68.0308851573,31.3664596273,37.0579982565
203,2014-01-30,7.69,7.76,7.63,7.65,96200,7.65,176530.0,6.82033333333,7.191,6.5532,6.00373333333,8.57163608529,7.191,5.81036391471,0.387992366884,0.39413168491,-0.00613931802513,67.4313536158,29.3823326432,46.9496445942
204,2014-01-29,7.5,7.73,7.5,7.64,203200,7.64,176278.0,6.75866666667,7.1125,6.5212,5.98986666667,8.55688049004,7.1125,5.66811950996,0.404071216997,0.395666514416,0.00840470258117,67.2412004919,35.0459482038,60.8335464362
205,2014-01-28,7.59,7.7,7.53,7.59,166800,7.59,173522.0,6.69933333333,7.034,6.4858,5.97713333333,8.52507209752,7.034,5.54292790248,0.419734458894,0.393565338771,0.0261691201229,66.328449763,52.4372525517,75.3247475573
206,2014-01-27,7.71,7.78,7.52,7.55,289800,7.55,171264.0,6.64333333333,6.96,6.452,5.9642,8.47997368398,6.96,5.44002631602,0.438712131876,0.38702305874,0.0516890731358,65.6167841065,70.933044978,84.7288752796
207,2014-01-24,7.86,7.94,7.55,7.62,232600,7.62,168360.0,6.58666666667,6.884,6.418,5.95293333333,8.43014876386,6.884,5.33785123614,0.460626003473,0.374100790456,0.0865252130169,67.9505608485,84.9179400113,89.3746462932
208,2014-01-23,7.75,7.96,7.53,7.96,277900,7.96,165466.0,6.53733333333,6.809,6.3802,5.939,8.350582304,6.809,5.267417696,0.474768784988,0.352469487202,0.122299297787,80.933352584,93.0107526882,91.0954301075
209,2014-01-22,7.69,7.75,7.56,7.75,111000,7.75,161086.0,6.472,6.7195,6.3374,5.92453333333,8.18958129027,6.7195,5.24941870973,0.451296207432,0.321894662755,0.129401544677,78.586909092,90.0537634409,91.146652898
210,2014-01-21,7.72,7.72,7.6,7.7,214600,7.7,160050.0,6.41366666667,6.635,6.2984,5.9116,8.05174980148,6.635,5.21825019852,0.436154172697,0.289544276586,0.146609896111,77.9879994493,89.5161290323,91.8430369788
211,2014-01-17,7.61,7.68,7.5,7.64,98000,7.64,156748.0,6.35533333333,6.5485,6.2586,5.8978,7.90454240347,6.5485,5.19245759653,0.415574278578,0.252891802558,0.16268247602,77.2799092739,91.8010752688,89.0447974036
212,2014-01-16,7.7,7.73,7.5,7.65,180400,7.65,155624.0,6.304,6.4755,6.2162,5.88366666667,7.74294585683,6.4755,5.20805414317,0.389371224214,0.212221183553,0.17715004066,77.6665674799,93.21564385,82.3767101582
213,2014-01-15,7.63,7.87,7.6,7.71,206100,7.71,153930.0,6.25566666667,6.393,6.1758,5.87006666667,7.55425966089,6.393,5.23174033911,0.349244835201,0.167933673388,0.181311161812,79.8936666084,92.839299764,75.0797436402
214,2014-01-14,7.58,7.63,7.5,7.63,705300,7.63,151398.0,6.21033333333,6.2975,6.1338,5.85513333333,7.31508292045,6.2975,5.27991707955,0.286839955621,0.122605882935,0.164234072686,79.1535651106,78.3231707317,66.9244821913
215,2014-01-13,7.4,7.63,7.33,7.52,1688900,7.52,142842.0,6.17133333333,6.209,6.0938,5.84213333333,7.03804523399,6.209,5.37995476601,0.211161873603,0.0815473647636,0.129614508839,78.1255150712,65.1287262873,65.9070249302
216,2014-01-10,7.2,7.49,7.2,7.29,1587100,7.29,110858.0,6.13833333333,6.1285,6.057,5.831,6.70775037764,6.1285,5.54924962236,0.122697676211,0.0491437375537,0.0735539386577,75.8092853706,64.0277777778,69.5336648914
217,2014-01-09,6.1,6.11,6.01,6.06,36300,6.06,80910.0,6.11066666667,6.0565,6.0256,5.82106666667,6.30244918174,6.0565,5.81055081826,0.0314186798866,0.0307552528893,0.000663426997244,48.9842037463,60.2182539683,71.9815489244
218,2014-01-08,6.25,6.3,6.06,6.11,48800,6.11,81092.0,6.12166666667,6.0605,6.018,5.81933333333,6.30913426956,6.0605,5.81186573044,0.03969285287,0.03058939614,0.00910345672997,51.1241283903,74.2533416876,75.3382599028
219,2014-01-07,6.2,6.3,6.2,6.26,36700,6.26,80686.0,6.12766666667,6.055,6.0084,5.81633333333,6.3038774799,6.055,5.8061225201,0.0445854467089,0.0283135319575,0.0162719147514,58.2078327641,79.635286132,74.6245814931
220,2014-01-06,6.22,6.29,6.19,6.19,45900,6.19,81266.0,6.12833333333,6.042,5.9964,5.81313333333,6.27322283624,6.042,5.81077716376,0.0349089327112,0.0242455532697,0.0106633794415,55.5382514922,73.8193139098,72.0795175821
221,2014-01-03,6.18,6.25,6.07,6.21,66800,6.21,81480.0,6.126,6.03,5.9848,5.8122,6.25405356502,6.03,5.80594643498,0.029177688551,0.0215797084093,0.00759798014167,56.4956898937,73.6450978819,72.0698110558
222,2014-01-02,6.06,6.12,6.03,6.09,51000,6.09,81408.0,6.12566666667,6.0245,5.9734,5.81073333333,6.23563739602,6.0245,5.81336260398,0.0194017705349,0.0196802133739,-0.00027844283902,51.8732444804,71.3986280488,73.6280487805
223,2013-12-31,6.1,6.11,5.99,6.08,54100,6.08,81194.0,6.128,6.03,5.9642,5.811,6.2530694959,6.03,5.8069305041,0.0188601185138,0.0197498240836,-0.000889705569839,51.474269504,69.4550304878,74.9857088415
224,2013-12-30,6.07,6.11,6.0,6.07,33300,6.07,81888.0,6.127,6.0435,5.9594,5.81193333333,6.30619944804,6.0435,5.78080055196,0.0189126263922,0.0199722504761,-0.00105962408393,51.0978235986,73.7804878049,75.9146341463
225,2013-12-27,6.06,6.13,6.0,6.11,32600,6.11,82620.0,6.12033333333,6.063,5.9534,5.81226666667,6.3824432657,6.063,5.7435567343,0.0197227346094,0.0202371564971,-0.000514421887682,52.6138468425,79.8780487805,76.6768292683
226,2013-12-26,6.14,6.14,5.94,6.03,132900,6.03,82854.0,6.11333333333,6.084,5.9464,5.81033333333,6.46275585804,6.084,5.70524414196,0.0163971238669,0.020365761969,-0.00396863810211,49.8506348223,76.8292682927,72.424869338
227,2013-12-24,6.16,6.19,5.97,6.12,28000,6.12,81340.0,6.10733333333,6.1055,5.9386,5.80866666667,6.51695959704,6.1055,5.69404040296,0.020059386172,0.0213579214945,-0.0012985353225,53.084313001,73.1707317073,64.8717298795
228,2013-12-23,6.08,6.18,6.01,6.17,61000,6.17,81896.0,6.09433333333,6.119,5.931,5.8056,6.54878599326,6.119,5.68921400674,0.0152783553517,0.0216825553252,-0.00640419997343,54.922191392,76.8292682927,55.6345021515
229,2013-12-20,5.96,6.19,5.96,6.06,199300,6.06,81438.0,6.08266666667,6.125,5.9216,5.803,6.56077517139,6.125,5.68922482861,0.00386288175414,0.0232836053185,-0.0194207235644,51.4912895142,62.8702090592,39.9684126349
230,2013-12-19,6.18,6.19,5.87,5.97,67700,5.97,78178.0,6.074,6.136,5.912,5.80106666667,6.57574538087,6.136,5.69625461913,0.000436398991345,0.0281387862096,-0.0277023872183,48.5141547777,46.6167104587,25.4200641172
231,2013-12-18,5.99,6.19,5.9,6.18,41000,6.18,78140.0,6.06533333333,6.1435,5.8996,5.79966666667,6.57673319356,6.1435,5.71026680644,0.00522024973423,0.0350643830142,-0.02984413328,55.9547528206,36.2218207955,16.9040852603
232,2013-12-17,5.94,6.1,5.87,6.0,124700,6.0,78394.0,6.04333333333,6.1445,5.8836,5.79646666667,6.57815769911,6.1445,5.71084230089,-0.0101315662228,0.0425254163342,-0.052656982557,49.8305873285,14.1649102264,11.5164156539
233,2013-12-16,5.94,6.12,5.78,5.8,133200,5.8,77544.0,6.031,6.1525,5.8736,5.7946,6.58107321428,6.1525,5.72392678572,-0.0112514248993,0.0556896619734,-0.0669410868727,41.4280521206,4.67681498829,11.8059090132
234,2013-12-13,5.94,5.99,5.83,5.86,76700,5.86,76432.0,6.02466666667,6.165,5.869,5.79366666667,6.56537482438,6.165,5.76462517562,0.00784652166131,0.0724249336916,-0.0645784120303,43.4555144375,12.5527950311,14.663943595
235,2013-12-12,5.88,6.06,5.87,5.91,83500,5.91,77524.0,6.017,6.1655,5.8614,5.79206666667,6.56437215997,6.1655,5.76662784003,0.0259992240472,0.0885695366991,-0.062570312652,45.165936817,14.67114237,13.7396470456
236,2013-12-11,6.13,6.14,5.84,5.85,95900,5.85,77350.0,6.00933333333,6.165,5.8556,5.79053333333,6.56517496173,6.165,5.76482503827,0.0436995936517,0.104212114862,-0.0605125212104,42.6506740916,15.3228836635,13.0210577792
237,2013-12-10,5.99,6.19,5.9,6.14,98000,6.14,76832.0,6.005,6.165,5.8528,5.7894,6.56517496173,6.165,5.76482503827,0.0717651622212,0.119340245165,-0.0475750829436,53.7074825734,16.1089533153,14.8130758534
238,2013-12-09,5.99,6.02,5.91,6.0,62300,6.0,77660.0,5.98966666667,6.1445,5.8416,5.7862,6.58742098618,6.1445,5.70157901382,0.0770159037448,0.131234015901,-0.0542181121559,47.6203646913,8.85560883366,21.2657120698
239,2013-12-06,6.04,6.04,5.93,6.0,92700,6.0,76972.0,5.97733333333,6.1355,5.8328,5.78546666667,6.59673638191,6.1355,5.67426361809,0.0968520734168,0.14478854394,-0.0479364705228,47.6203646913,11.7967853042,35.17760099
240,2013-12-05,6.11,6.11,5.92,5.95,65700,5.95,75944.0,5.966,6.1255,5.825,5.7838,6.60631077359,6.1255,5.64468922641,0.120761481639,0.15677266157,-0.036011179931,45.4098797193,22.4909559604,52.3205419464
241,2013-12-04,6.19,6.34,6.07,6.1,60000,6.1,75914.0,5.95466666667,6.1135,5.8182,5.78246666667,6.62239193352,6.1135,5.60460806648,0.15461295931,0.165775456553,-0.0111624972426,51.4594860123,41.9194981808,69.1267078654
242,2013-12-03,6.32,6.39,6.07,6.2,159200,6.2,75818.0,5.93933333333,6.0845,5.8124,5.77913333333,6.65548073523,6.0845,5.51351926477,0.180298111403,0.168566080864,0.0117320305389,56.0848554064,64.5031645145,81.6205701097
243,2013-12-02,6.44,6.46,6.24,6.35,106400,6.35,73924.0,5.92033333333,6.056,5.8048,5.77406666667,6.65717884194,6.056,5.45482115806,0.200277369362,0.165633073229,0.0346442961326,64.1112772914,80.3685491299,88.0491434762
244,2013-11-29,6.58,6.59,6.44,6.46,35100,6.46,74814.0,5.90333333333,6.019,5.794,5.76966666667,6.6341715208,6.019,5.4038284792,0.207592315057,0.156971999196,0.0506203158608,71.0336901625,89.7156196363,89.054494232
245,2013-11-27,6.49,6.56,6.47,6.53,50300,6.53,75086.0,5.88033333333,5.9775,5.779,5.76453333333,6.5799242691,5.9775,5.3750757309,0.202709321161,0.144316920231,0.0583924009306,75.8747566992,91.8949471581,87.0869803416
246,2013-11-26,6.35,6.55,6.35,6.46,251200,6.46,76298.0,5.85466666667,5.935,5.7624,5.75826666667,6.4938738677,5.935,5.3761261323,0.186401073372,0.129718819998,0.0566822533743,74.2448767213,90.2174579806,84.8787318818
247,2013-11-25,6.33,6.45,6.33,6.39,57200,6.39,74390.0,5.82733333333,5.898,5.7454,5.7536,6.40886593153,5.898,5.38713406847,0.170001803309,0.115548256654,0.0544535466547,72.5210255861,84.3899521531,82.9835037351
248,2013-11-22,6.29,6.35,6.23,6.29,55200,6.29,74302.0,5.80566666667,5.8625,5.728,5.74966666667,6.32837015358,5.8625,5.39662984642,0.153724890562,0.101934869991,0.0517900205713,69.8434952056,81.8455640745,83.8898490149
249,2013-11-21,6.14,6.3,6.14,6.28,53400,6.28,74862.0,5.786,5.8295,5.7132,5.74566666667,6.26186442962,5.8295,5.39713557038,0.140895450793,0.0889873648479,0.0519080859453,69.5681499744,83.061953319,86.5618093867
250,2013-11-20,6.22,6.22,6.07,6.12,41800,6.12,74404.0,5.76266666667,5.7985,5.6992,5.74086666667,6.18353376475,5.7985,5.41346623525,0.12348921384,0.0760103433615,0.0474788704786,64.7920603844,82.6365453936,88.4497093353
251,2013-11-19,6.15,6.35,6.14,6.2,78600,6.2,74188.0,5.737,5.773,5.6882,5.738,6.1364336253,5.773,5.4095663747,0.115767228292,0.0641406257419,0.0516266025497,69.8843027681,88.0153332724,89.1861650075
252,2013-11-18,6.06,6.19,6.06,6.16,52100,6.16,74672.0,5.70966666667,5.745,5.6744,5.73313333333,6.05487094088,5.745,5.43512905912,0.0960818252345,0.0512339751045,0.04484785013,68.743766118,92.5334055616,88.9045002865
253,2013-11-15,5.86,6.13,5.86,6.05,83600,6.05,74372.0,5.68766666667,5.7185,5.6606,5.7294,5.96631242907,5.7185,5.47068757093,0.0736312660563,0.040022012572,0.0336092534844,65.3974033124,90.6135531136,86.6487228987
254,2013-11-14,5.88,5.93,5.79,5.87,65400,5.87,73522.0,5.67166666667,5.708,5.6456,5.72886666667,5.91280234374,5.708,5.50319765626,0.0551051884718,0.0316196992009,0.0234854892709,58.6746337643,85.5823680824,84.1586229086
255,2013-11-13,5.78,5.9,5.77,5.9,53900,5.9,72688.0,5.65866666667,5.703,5.6366,5.72926666667,5.89629769786,5.703,5.50970230214,0.0489849194316,0.0257483268831,0.0232365925484,60.4935498768,86.8886743887,79.5366795367
256,2013-11-12,5.69,5.9,5.69,5.85,144600,5.85,72612.0,5.64933333333,5.696,5.6264,5.72973333333,5.86936666346,5.696,5.52263333654,0.0374061772103,0.019939178746,0.0174669984643,58.5026630353,83.5102960103,71.7467020592
257,2013-11-11,5.8,5.84,5.69,5.73,87900,5.73,71146.0,5.64466666667,5.6855,5.6132,5.73106666667,5.84518406307,5.6855,5.52581593693,0.0271743109248,0.01557242913,0.0116018817948,53.2526262786,80.6531531532,61.3601994852
258,2013-11-08,5.79,5.85,5.76,5.82,58900,5.82,71934.0,5.63966666667,5.686,5.6036,5.73306666667,5.84629971927,5.686,5.52570028073,0.0259376479797,0.0126719586813,0.0132656892985,58.3979967039,67.0945945946,49.2177445302
259,2013-11-07,5.74,5.85,5.73,5.8,59200,5.8,72090.0,5.631,5.68,5.5962,5.73373333333,5.82832396974,5.68,5.53167603026,0.0148183051228,0.00935553635665,0.00546276876619,57.5516680463,55.7287644788,42.8458815959
260,2013-11-06,5.58,5.73,5.52,5.71,49500,5.71,71972.0,5.62466666667,5.669,5.5914,5.73566666667,5.81265235814,5.669,5.52534764186,0.0024468048928,0.0079898441651,-0.0055430392723,53.6080458765,41.9642857143,40.3422619048
261,2013-11-05,5.61,5.64,5.48,5.52,41800,5.52,72426.0,5.62133333333,5.651,5.5864,5.7394,5.84938346705,5.651,5.45261653295,-0.0042156816538,0.00937560398318,-0.013591285637,43.2776985898,32.0833333333,42.5297619048
262,2013-11-04,5.65,5.66,5.56,5.63,95700,5.63,72266.0,5.631,5.644,5.588,5.74353333333,5.86853507521,5.644,5.41946492479,0.00668733634169,0.0127734253924,-0.00608608905073,49.1629433968,41.6071428571,47.1875
263,2013-11-01,5.6,5.68,5.5,5.61,79500,5.61,71554.0,5.63733333333,5.6375,5.5866,5.74613333333,5.87064158788,5.6375,5.40435841212,0.00930628169096,0.0142949476551,-0.00498866596414,47.9683486193,45.7142857143,49.2013888889
264,2013-10-31,5.7,5.71,5.6,5.63,277500,5.63,71158.0,5.644,5.6355,5.5862,5.74826666667,5.8702317618,5.6355,5.4007682382,0.0145500078394,0.0155421141461,-0.000992106306704,49.0383677364,50.7142857143,49.1765873016
265,2013-10-30,5.74,5.78,5.68,5.68,89700,5.68,66704.0,5.64666666667,5.628,5.5848,5.7508,5.87234401977,5.628,5.38365598023,0.0189949091004,0.0157901407228,0.00320476837755,51.7164297566,50.7142857143,48.5069444444
266,2013-10-29,5.7,5.74,5.65,5.72,89700,5.72,65356.0,5.64733333333,5.625,5.5832,5.75326666667,5.86818717071,5.625,5.38181282929,0.0193010207592,0.0149889486284,0.0043120721308,53.9032069305,49.6626984127,49.2195767196
267,2013-10-28,5.66,5.68,5.6,5.68,45400,5.68,64460.0,5.64366666667,5.6245,5.5788,5.7554,5.86694380792,5.6245,5.38205619208,0.0153382611564,0.0139109305957,0.00142733056067,52.0193070041,45.6150793651,53.3779761905
268,2013-10-25,5.68,5.7,5.58,5.63,28500,5.63,65322.0,5.63833333333,5.6195,5.5772,5.75853333333,5.86128296052,5.6195,5.37771703948,0.014129964192,0.0135540979556,0.000575866236401,49.6299281472,48.0357142857,61.0561420585
269,2013-10-24,5.62,5.7,5.58,5.66,65700,5.66,65808.0,5.63566666667,5.616,5.578,5.76293333333,5.85909668858,5.616,5.37290331142,0.0174731202237,0.0134101313965,0.0040629888272,51.0462062415,53.5648148148,69.6163085255
270,2013-10-23,5.6,5.66,5.55,5.61,56600,5.61,65928.0,5.633,5.6135,5.582,5.76813333333,5.85576225459,5.6135,5.37123774541,0.0184315030827,0.0123943841897,0.00603711889302,48.7843137766,66.2962962963,77.8870077844
271,2013-10-22,5.67,5.67,5.5,5.64,63200,5.64,65386.0,5.63166666667,5.6135,5.591,5.77326666667,5.85576225459,5.6135,5.37123774541,0.0244775626143,0.0108851044664,0.0135924581479,50.0733307849,76.3277428372,83.0905774137
272,2013-10-21,5.85,5.85,5.58,5.63,40300,5.63,64656.0,5.62733333333,5.622,5.6012,5.7776,5.87887350973,5.622,5.36512649027,0.0287839504147,0.00748698992944,0.0212969604853,49.6616395932,82.2763801537,86.0303617571
273,2013-10-18,5.8,5.85,5.69,5.84,88800,5.84,64594.0,5.622,5.6315,5.6118,5.7816,5.90251844956,5.6315,5.36048155044,0.0348799733831,0.00216274980812,0.032717223575,59.1770338122,86.6476118506,86.1008016024
274,2013-10-17,5.72,5.8,5.65,5.77,69900,5.77,63980.0,5.604,5.63,5.6178,5.78453333333,5.89668333281,5.63,5.36331666719,0.0207715521772,-0.00601655608563,0.0267881082628,56.6033449081,87.1105748135,80.8633172444
275,2013-10-16,5.7,5.84,5.69,5.76,44300,5.76,63418.0,5.59233333333,5.627,5.6196,5.78866666667,5.88861804219,5.627,5.36538195781,0.00958921744269,-0.0127135831513,0.022302800594,56.2373522618,88.0868802106,69.2600921457
276,2013-10-15,5.73,5.74,5.62,5.64,57200,5.64,64294.0,5.58,5.624,5.624,5.79266666667,5.88078006153,5.624,5.36721993847,-0.00380480569033,-0.0182892832998,0.0144844776095,51.6981858108,82.5581395349,52.7669133192
277,2013-10-14,5.66,5.74,5.64,5.74,55800,5.74,64210.0,5.565,5.6225,5.6362,5.79746666667,5.87923916725,5.6225,5.36576083275,-0.00862692531553,-0.0219104027022,0.0132834773867,56.2096495024,65.6976744186,35.5496828753
278,2013-10-11,5.54,5.7,5.49,5.7,38100,5.7,64212.0,5.54866666667,5.6115,5.644,5.80153333333,5.86600147347,5.6115,5.35699852653,-0.0248380390871,-0.0252312720489,0.000393232961773,54.7427315993,40.6976744186,22.761627907
279,2013-10-10,5.44,5.61,5.4,5.58,36300,5.58,64190.0,5.54033333333,5.604,5.6488,5.8062,5.8564598978,5.604,5.3515401022,-0.0410953073688,-0.0253295802893,-0.0157657270795,50.084756612,22.1141649049,18.2235729387
280,2013-10-09,5.39,5.45,5.31,5.35,65800,5.35,67432.0,5.53966666667,5.604,5.6564,5.81246666667,5.8564598978,5.604,5.3515401022,-0.0490295616867,-0.0213881485194,-0.0276414131672,38.8909987936,13.689217759,20.4336680761
281,2013-10-08,5.49,5.51,5.38,5.38,53700,5.38,67330.0,5.54333333333,5.615,5.6698,5.82033333333,5.83989997777,5.615,5.39010002223,-0.0350252163006,-0.0144777952276,-0.0205474210729,39.9768235317,14.5454545455,25.527972028
282,2013-10-07,5.55,5.6,5.49,5.5,82200,5.5,68552.0,5.55066666667,5.6215,5.6826,5.82753333333,5.82538967605,5.6215,5.41761032395,-0.0196956668616,-0.0093409399594,-0.0103547269022,44.6021422183,22.5454545455,32.0166083916
283,2013-10-04,5.5,5.59,5.48,5.57,77600,5.57,67768.0,5.55266666667,5.62,5.6948,5.83373333333,5.82784609691,5.62,5.41215390309,-0.0120612867869,-0.00675225823386,-0.00530902855304,47.5842894215,30.9545454545,37.3898601399
284,2013-10-03,5.6,5.6,5.41,5.48,131300,5.48,67538.0,5.55333333333,5.6065,5.7072,5.83946666667,5.85640198078,5.6065,5.35659801922,-0.00926887750195,-0.0054250010956,-0.00384387640636,43.0373026447,34.0664335664,40.4204545455
285,2013-10-02,5.65,5.74,5.6,5.62,74800,5.62,65618.0,5.556,5.6035,5.7216,5.84566666667,5.86073724458,5.6035,5.34626275542,0.00359370856722,-0.00446403199401,0.00805774056123,49.2025526316,40.5,44.8846153846
286,2013-10-01,5.55,5.71,5.5,5.71,70000,5.71,66048.0,5.55533333333,5.592,5.7338,5.85093333333,5.86532032489,5.592,5.31867967511,0.00570422811636,-0.00647846713431,0.0121826952507,53.8034849397,44.0384615385,51.3506894049
287,2013-09-30,5.47,5.58,5.46,5.58,139400,5.58,65130.0,5.54833333333,5.566,5.7424,5.85466666667,5.88464714027,5.566,5.24735285973,-0.000848588431711,-0.00952414094698,0.00867555251527,47.1784964557,43.0769230769,60.0571480406
288,2013-09-27,5.55,5.61,5.52,5.56,27900,5.56,63298.0,5.549,5.5495,5.7526,5.8586,5.89645676964,5.5495,5.20254323036,0.0040363415514,-0.0116930290758,0.0157293706272,46.0737098066,51.9230769231,72.1089592404
289,2013-09-26,5.63,5.67,5.51,5.61,41300,5.61,64334.0,5.55266666667,5.544,5.7652,5.863,5.89359405029,5.544,5.19440594971,0.0122489417618,-0.0156253717326,0.0278743134944,48.4249225012,66.3642960813,83.000914671
290,2013-09-25,5.81,5.81,5.53,5.61,64200,5.61,65490.0,5.561,5.5415,5.773,5.8694,5.88988340948,5.5415,5.19311659052,0.0174621305138,-0.0225939501062,0.0400560806201,48.4249225012,78.8642960813,90.092278005
291,2013-09-24,5.84,5.96,5.73,5.81,55200,5.81,65676.0,5.576,5.534,5.7806,5.87466666667,5.88262013711,5.534,5.18537986289,0.0238620604408,-0.0326079702612,0.056470030702,58.7685922958,91.2841678761,92.6323592877
292,2013-09-23,5.79,5.84,5.7,5.82,64500,5.82,66128.0,5.58733333333,5.5235,5.785,5.87886666667,5.85019710742,5.5235,5.19680289258,0.0113199773957,-0.0467254779367,0.0580454553324,59.3572527028,95.4908986454,91.0778892884
293,2013-09-20,5.76,5.83,5.71,5.81,150900,5.81,66830.0,5.59866666667,5.5105,5.7876,5.88413333333,5.80839091963,5.5105,5.21260908037,-0.00587111736221,-0.0612368417698,0.0553657244076,58.9756809332,94.7297494172,88.2809662479
294,2013-09-19,5.7,5.72,5.52,5.71,48700,5.71,66392.0,5.60966666667,5.4995,5.7922,5.88886666667,5.76704251998,5.4995,5.23195748002,-0.0267096256915,-0.0750782728717,0.0483686471802,55.057685451,89.0246212121,85.373722692
295,2013-09-18,5.59,5.73,5.57,5.7,110900,5.7,68264.0,5.61466666667,5.492,5.7918,5.89406666667,5.7434438307,5.492,5.2405561693,-0.0427368181309,-0.0871704346668,0.0444336165358,54.6555596748,85.0662878788,83.9605906448
296,2013-09-17,5.5,5.63,5.31,5.61,155800,5.61,69336.0,5.624,5.487,5.7894,5.89833333333,5.72533589742,5.487,5.24866410258,-0.0615535354899,-0.0982788388007,0.0367253033109,50.9908326825,84.3032064834,82.4259308198
297,2013-09-16,5.61,5.63,5.51,5.52,52800,5.52,70924.0,5.64533333333,5.4815,5.7884,5.903,5.71321318478,5.4815,5.24978681522,-0.0755115487663,-0.107460164628,0.0319486158621,47.0144285123,83.1007751938,76.9412144703
298,2013-09-13,5.6,5.64,5.48,5.55,83200,5.55,71262.0,5.66566666667,5.4855,5.7954,5.90826666667,5.72243670041,5.4855,5.24856329959,-0.0830650631843,-0.115447318594,0.0323822554096,48.2255406707,83.3720930233,69.2923607675
299,2013-09-12,5.58,5.62,5.53,5.58,30500,5.58,70410.0,5.67866666667,5.4915,5.7968,5.914,5.74043975175,5.4915,5.24256024825,-0.094552420668,-0.123542882446,0.0289904617784,49.4073853125,78.9276485788,59.5840892847
300,2013-09-11,5.5,5.6,5.4,5.57,31000,5.57,71266.0,5.69133333333,5.5055,5.7966,5.92046666667,5.80008275577,5.5055,5.21091724423,-0.110893703556,-0.130790497891,0.0198967943354,49.0206878534,62.3643410853,47.0980400242
301,2013-09-10,5.55,5.61,5.48,5.51,102800,5.51,71942.0,5.70633333333,5.53,5.7962,5.9284,5.91084117424,5.53,5.14915882576,-0.129119941662,-0.135764696475,0.00664475481268,46.7532037945,52.5053603826,37.8760815259
302,2013-09-09,5.33,5.5,5.32,5.47,37100,5.47,74608.0,5.72333333333,5.562,5.795,5.936,6.02863047479,5.562,5.09536952521,-0.144396050058,-0.137425885178,-0.00697016487967,45.2455781134,44.5390070922,29.1020242317
303,2013-09-06,5.43,5.44,5.25,5.3,41100,5.3,74782.0,5.74466666667,5.5965,5.7974,5.94353333333,6.12829977435,5.5965,5.06470022565,-0.157720885863,-0.135683343958,-0.0220375419054,38.3577415509,28.9834515366,22.0409331729
304,2013-09-05,5.37,5.46,5.37,5.42,23700,5.42,74514.0,5.77433333333,5.6385,5.8028,5.9532,6.20175038837,5.6385,5.07524961163,-0.155125008861,-0.130173958482,-0.0249510503795,41.8047029387,25.4765070922,19.44565408
305,2013-09-04,5.2,5.48,5.2,5.39,50100,5.39,75764.0,5.80033333333,5.6605,5.809,5.961,6.2222641854,5.6605,5.0987358146,-0.161773543904,-0.123936195887,-0.0378373480172,40.5648152952,17.4091312057,18.3084637977
306,2013-09-03,5.37,5.38,5.19,5.19,71300,5.19,76736.0,5.82833333333,5.69,5.8142,5.96686666667,6.25380847812,5.69,5.12619152188,-0.164851877084,-0.114476858883,-0.0503750182012,31.5348025076,16.2946428571,19.0267325104
307,2013-08-30,5.42,5.48,5.2,5.25,127300,5.25,79280.0,5.86,5.743,5.8276,5.97586666667,6.30812299546,5.743,5.17787700454,-0.146019467766,-0.101883104332,-0.0441363634341,32.9284488958,18.6023351648,18.4578883207
308,2013-08-29,5.5,5.56,5.4,5.45,66700,5.45,78254.0,5.888,5.787,5.8332,5.9824,6.32826148948,5.787,5.24573851052,-0.125967636707,-0.0908490134737,-0.0351186232328,38.146540488,20.927745963,17.278676238
309,2013-08-28,5.45,5.62,5.43,5.56,53300,5.56,77908.0,5.91266666667,5.8115,5.84,5.98553333333,6.33354501722,5.8115,5.28945498278,-0.118905588529,-0.0820693576655,-0.0368362308635,41.505662516,20.2822060569,15.1915141911
310,2013-08-27,5.53,5.55,5.4,5.46,72200,5.46,77864.0,5.92733333333,5.8315,5.845,5.9882,6.34403390132,5.8315,5.31896609868,-0.119362311204,-0.0728602999496,-0.0465020112541,36.808309165,14.0192660983,12.3854554305
311,2013-08-26,5.56,5.64,5.55,5.6,33800,5.6,77456.0,5.945,5.8595,5.8484,5.9912,6.34843660121,5.8595,5.37056339879,-0.108027258164,-0.0612347971361,-0.0467924610277,41.0988542645,13.885486834,10.7763428396
312,2013-08-23,5.59,5.63,5.46,5.56,60100,5.56,77732.0,5.95933333333,5.8805,5.8468,5.9932,6.35901750229,5.8805,5.40198249771,-0.106242848529,-0.0495366818792,-0.0567061666496,39.2191896687,12.5790977751,8.7631290074
313,2013-08-22,5.57,5.66,5.51,5.59,59700,5.59,80956.0,5.97233333333,5.908,5.8478,5.99493333333,6.37269775123,5.908,5.44330224877,-0.0983472151613,-0.0353601402168,-0.0629870749445,40.1106308463,9.05797101449,6.61714390989
314,2013-08-21,5.55,5.6,5.5,5.56,54800,5.56,80936.0,5.98733333333,5.938,5.8454,5.9968,6.39409648102,5.938,5.48190351898,-0.0898935563518,-0.0196133714807,-0.0702801848711,38.8193415888,7.58281573499,8.63269050251
315,2013-08-20,5.52,5.64,5.52,5.6,22300,5.6,80322.0,5.99166666667,5.97,5.8478,5.99853333333,6.40483330139,5.97,5.53516669861,-0.0747415255607,-0.00204332526288,-0.0726982002979,39.8840409823,5.83263150507,15.2580973436
316,2013-08-19,5.64,5.68,5.5,5.5,44900,5.5,80760.0,5.991,6.0015,5.8528,5.99913333333,6.41532484217,6.0015,5.58767515783,-0.058387602252,0.0161312248116,-0.0745188270636,35.7961908845,3.99515738499,27.0588680387
317,2013-08-16,5.63,5.7,5.55,5.6,88500,5.6,80474.0,5.993,6.0335,5.8588,6.00146666667,6.38090610242,6.0335,5.68609389758,-0.0264829568324,0.0347609315775,-0.0612438884099,38.2087818114,17.120157385,43.4038286925
318,2013-08-15,5.77,5.82,5.66,5.67,52800,5.67,80206.0,6.002,6.058,5.8628,6.00366666667,6.34320869552,6.058,5.77279130448,0.00444236087521,0.05007190368,-0.0456295428047,39.959348375,34.0844430993,53.3350988701
319,2013-08-14,6.04,6.05,5.83,5.86,71700,5.86,80822.0,6.00033333333,6.084,5.8626,6.00533333333,6.31207016464,6.084,5.85592983536,0.0367224229548,0.0614792893811,-0.0247568664264,45.1760306211,53.0357142857,56.1670659117
320,2013-08-13,6.14,6.17,6.04,6.06,29500,6.06,80574.0,5.99066666667,6.091,5.861,6.00566666667,6.29883647418,6.091,5.88316352582,0.0580439214933,0.0676685059877,-0.00962458449442,51.7839175084,69.375,55.2210365854
321,2013-08-12,6.07,6.17,6.03,6.15,26700,6.15,82718.0,5.97366666667,6.0875,5.8608,6.0052,6.29962024891,6.0875,5.87537975109,0.0640499953154,0.0700746521113,-0.00602465679599,55.1549823938,56.8452380952,49.6767929733
322,2013-08-09,6.1,6.19,6.0,6.16,37200,6.16,84000.0,5.95033333333,6.0815,5.8576,6.00273333333,6.2929970449,6.0815,5.8700029551,0.06162065688,0.0715808163103,-0.00996015943035,55.5279375016,45.412311266,48.3066565041
323,2013-08-08,5.93,6.17,5.85,6.14,58100,6.14,85794.0,5.93133333333,6.071,5.857,5.99906666667,6.28667568245,6.071,5.85532431755,0.0566054553588,0.0740708561679,-0.0174654008092,54.9623591805,49.2515969803,48.1548773889
324,2013-08-07,5.94,6.04,5.85,5.86,41800,5.86,86164.0,5.91233333333,6.066,5.8586,5.9944,6.27967264682,6.066,5.85232735318,0.0514172460665,0.0784372063702,-0.0270199603037,46.0414502974,47.1980255517,42.5654629923
325,2013-08-06,6.14,6.14,5.91,5.98,88100,5.98,87190.0,5.908,6.0575,5.8638,5.99166666667,6.31275477468,6.0575,5.80224522532,0.0725564080815,0.0851921964462,-0.0126357883646,49.9812989659,51.3646922184,34.7973418858
326,2013-08-05,6.13,6.25,6.03,6.25,53000,6.25,85850.0,5.897,6.0375,5.8606,5.98706666667,6.36606506205,6.0375,5.70893493795,0.0862641180268,0.0883511435373,-0.0020870255105,60.8625406844,44.8051948052,28.1754563005
327,2013-08-02,6.02,6.18,5.97,6.13,55900,6.13,85844.0,5.884,6.003,5.8512,5.98046666667,6.37685023739,6.003,5.62914976261,0.0750144806402,0.0888728999149,-0.0138584192747,56.9990314432,26.8939393939,28.1290511291
328,2013-08-01,6.04,6.04,5.86,5.94,37000,5.94,85916.0,5.864,5.99,5.8418,5.97373333333,6.36336309405,5.99,5.61663690595,0.0717829146575,0.0923375047336,-0.0205545900761,49.6984320025,16.1255411255,36.6075092522
329,2013-07-31,6.04,6.16,5.96,5.96,198400,5.96,85922.0,5.859,5.974,5.8386,5.96873333333,6.38051691232,5.974,5.56748308768,0.0859596007718,0.0974761522526,-0.0115165514808,50.5370847621,24.8771498771,52.3016683411
330,2013-07-30,6.04,6.05,5.95,6.02,60700,6.02,83196.0,5.854,5.9545,5.8348,5.96413333333,6.39760156849,5.9545,5.51139843151,0.10076752231,0.100355290123,0.000412232187243,53.0299408505,44.6195741196,67.9194117286
331,2013-07-29,6.07,6.07,5.96,6.02,114800,6.02,83952.0,5.841,5.931,5.8296,5.95926666667,6.40639036591,5.931,5.45560963409,0.112093014567,0.100252232076,0.0118407824911,53.0299408505,60.8077718867,78.5441166231
332,2013-07-26,6.11,6.11,5.96,6.11,43000,6.11,83178.0,5.82433333333,5.9025,5.8232,5.95386666667,6.41964117995,5.9025,5.38535882005,0.1249180172,0.0972920364532,0.0276259807466,56.6437117645,78.9021774811,85.6611272203
333,2013-07-25,6.17,6.27,6.0,6.19,66100,6.19,85234.0,5.80766666667,5.8765,5.8154,5.94826666667,6.40152476132,5.8765,5.35147523868,0.130306758492,0.0903855412666,0.039921217225,60.0196601781,87.3481234271,87.6936389831
334,2013-07-24,6.26,6.26,6.17,6.2,35300,6.2,94182.0,5.78366666667,5.8455,5.8048,5.9436,6.36601801121,5.8455,5.32498198879,0.127143926344,0.0804052369604,0.0467386893839,60.4377578715,87.1183936973,87.4819422517
335,2013-07-23,6.15,6.28,6.05,6.23,96300,6.23,95674.0,5.76633333333,5.822,5.7932,5.93673333333,6.31824993703,5.822,5.32575006297,0.120239454384,0.0687205646144,0.0515188897694,61.6337811226,89.2758142758,88.2027333359
336,2013-07-22,6.09,6.15,5.97,6.14,24100,6.14,94606.0,5.75366666667,5.793,5.7822,5.92933333333,6.25724562464,5.793,5.32875437536,0.106623354472,0.055840842172,0.0507825123003,59.3953506257,87.0322245322,87.6131361457
337,2013-07-19,6.19,6.19,5.98,6.09,47800,6.09,95612.0,5.74233333333,5.779,5.773,5.92166666667,6.2166711094,5.779,5.3413288906,0.096857010884,0.0431452140969,0.0537117967871,58.1353077339,86.5013365013,88.3443619496
338,2013-07-18,6.02,6.23,6.02,6.19,79700,6.19,96820.0,5.73266666667,5.751,5.7644,5.9144,6.177,5.751,5.325,0.0880736849093,0.0297172649002,0.0583564200091,61.690587512,90.0015580343,87.1063752374
339,2013-07-17,6.02,6.1,5.96,6.0,99100,6.0,96318.0,5.715,5.731,5.7584,5.90733333333,6.10734558586,5.731,5.35465441414,0.0654000770665,0.0151281598979,0.0502719171686,57.0572662645,86.9174255147,80.8736268579
340,2013-07-16,5.98,6.08,5.95,5.99,73500,5.99,95096.0,5.70766666667,5.7215,5.7534,5.90093333333,6.07934214397,5.7215,5.36365785603,0.054854489208,0.00256018060577,0.0522943086022,56.801929716,89.957127748,71.833282576
341,2013-07-15,5.94,6.05,5.91,6.03,77800,6.03,94640.0,5.70966666667,5.7035,5.7486,5.89413333333,6.04115514952,5.7035,5.36584485048,0.0416147826801,-0.0105133965448,0.0521281792248,58.0847346235,81.5493896527,62.1044173057
342,2013-07-12,6.02,6.06,5.78,5.95,99600,5.95,93862.0,5.70833333333,5.678,5.74,5.88706666667,5.98916555079,5.678,5.36683444921,0.0200380695091,-0.023545441351,0.0435835108601,56.2497899359,65.0705645161,54.1478101407
343,2013-07-11,5.78,6.06,5.71,6.04,129000,6.04,94616.0,5.71433333333,5.661,5.7298,5.88026666667,5.947,5.661,5.375,0.000352329141723,-0.034441319066,0.0347936482077,58.945474452,50.7560483871,50.7015342599
344,2013-07-10,5.56,5.75,5.5,5.69,142300,5.69,93276.0,5.72033333333,5.6325,5.7228,5.87273333333,5.87148744737,5.6325,5.39351255263,-0.0339425951693,-0.043139731118,0.00919713594868,50.3538667351,51.0416666667,51.2245124113
345,2013-07-09,5.61,5.61,5.49,5.58,164500,5.58,91684.0,5.73466666667,5.632,5.7228,5.86706666667,5.87054559312,5.632,5.39345440688,-0.0415853153601,-0.0454390151051,0.003853699745,47.1245754007,49.7229609929,46.2073359929
346,2013-07-08,5.92,5.92,5.56,5.56,235200,5.56,89570.0,5.74266666667,5.6455,5.723,5.86186666667,5.90072343152,5.6455,5.39027656848,-0.0395353281803,-0.0464024400414,0.00686711186107,46.5374592601,51.2854609929,41.0682624113
347,2013-07-05,5.7,5.88,5.53,5.87,69700,5.87,85788.0,5.75,5.6575,5.727,5.8588,5.9180283094,5.6575,5.3969716906,-0.0343073761336,-0.0481192180066,0.013811841873,55.3895292943,52.8479609929,35.5385638298
348,2013-07-03,5.49,5.66,5.45,5.62,40600,5.62,85150.0,5.743,5.654,5.7256,5.85206666667,5.90471098899,5.654,5.40328901101,-0.0586992282321,-0.0515721784749,-0.00712704975718,47.9796909838,30.9729609929,31.9619902482
349,2013-07-02,5.53,5.65,5.46,5.57,73300,5.57,85804.0,5.74833333333,5.656,5.727,5.84693333333,5.90623189245,5.656,5.40576810755,-0.0635237488635,-0.0497904160356,-0.0137333328279,46.3239288047,29.1666666667,36.4583333333
350,2013-07-01,5.54,5.65,5.52,5.55,64800,5.55,85208.0,5.755,5.6665,5.7268,5.84226666667,5.91902920623,5.6665,5.41397079377,-0.0636667006677,-0.0463570828286,-0.0173096178391,45.681764753,29.1666666667,44.6822916667
351,2013-06-28,5.56,5.62,5.44,5.45,236100,5.45,84816.0,5.762,5.6915,5.7296,5.83653333333,5.98809905596,5.6915,5.39490094404,-0.0608867344154,-0.0420296783689,-0.0188570560466,42.4871734658,38.5416666667,52.3177083333
352,2013-06-27,5.61,5.64,5.53,5.59,45800,5.59,81228.0,5.77033333333,5.7185,5.73,5.83246666667,6.02051158918,5.7185,5.41648841082,-0.046271043171,-0.0373154143572,-0.00895562881375,46.0045055259,48.9583333333,58.1875
353,2013-06-26,5.79,5.79,5.55,5.57,27700,5.57,81738.0,5.77466666667,5.7455,5.7302,5.82553333333,6.09025933635,5.7455,5.40074066365,-0.0411976184456,-0.0350765071538,-0.00612111129181,45.4049546547,62.0625,63.3229166667
354,2013-06-25,5.71,5.75,5.58,5.73,86200,5.73,82108.0,5.77766666667,5.778,5.7382,5.81853333333,6.16979586521,5.778,5.38620413479,-0.0320864818914,-0.0335462293308,0.00145974743939,49.4868680707,59.7083333333,61.4288194444
355,2013-06-24,5.78,5.87,5.59,5.65,98700,5.65,83178.0,5.774,5.7975,5.7422,5.8084,6.21572840649,5.7975,5.37927159351,-0.0362815551348,-0.0339111661907,-0.00237038894412,47.2866460198,62.0208333333,59.5399305556
356,2013-06-21,5.53,5.87,5.4,5.86,198500,5.86,81918.0,5.775,5.806,5.7486,5.79793333333,6.21876627769,5.806,5.39323372231,-0.032962807818,-0.0333185689547,0.000355761136635,52.903472682,69.5,53.9958618721
357,2013-06-20,5.67,5.67,5.5,5.53,76000,5.53,78594.0,5.769,5.802,5.7524,5.78726666667,6.21414560534,5.802,5.38985439466,-0.0496292385836,-0.0334075092388,-0.0162217293448,43.0289339325,54.4861111111,41.4570015221
358,2013-06-19,5.82,5.88,5.74,5.79,49400,5.79,78578.0,5.77333333333,5.8085,5.7624,5.78006666667,6.20716151056,5.8085,5.40983848944,-0.0365797849268,-0.0293520769026,-0.0072277080242,50.8250961402,52.1527777778,31.4213542732
359,2013-06-18,5.63,5.82,5.63,5.81,51100,5.81,78390.0,5.77666666667,5.808,5.765,5.77113333333,6.2067781338,5.808,5.4092218662,-0.0458645944787,-0.0275451498966,-0.0183194445821,51.4914848962,39.8445585997,23.2594632431
360,2013-06-17,5.6,5.68,5.56,5.63,51800,5.63,78060.0,5.77466666667,5.806,5.7706,5.76146666667,6.20511902986,5.806,5.40688097014,-0.0590846300234,-0.022965288751,-0.0361193412723,45.5221300454,19.3445585997,18.242353444
361,2013-06-14,5.61,5.61,5.5,5.52,47600,5.52,81142.0,5.77866666667,5.8125,5.7834,5.7558,6.20410566901,5.8125,5.42089433099,-0.0567715171364,-0.013935453433,-0.0428360637035,41.4323220633,14.3435221155,20.4038150734
362,2013-06-13,5.45,5.63,5.4,5.61,221300,5.61,81166.0,5.78133333333,5.8215,5.7958,5.75193333333,6.19359004286,5.8215,5.44940995714,-0.0417933764387,-0.0032264375071,-0.0385669389316,43.938385348,19.5052136577,23.8728385957
363,2013-06-12,5.72,5.72,5.47,5.47,58700,5.47,78398.0,5.77566666667,5.827,5.804,5.75126666667,6.18955206523,5.827,5.46444793477,-0.0312315550182,0.00641529722581,-0.037646852244,38.5714838081,19.776119403,25.5943496802
364,2013-06-11,5.77,5.83,5.68,5.68,24100,5.68,80310.0,5.783,5.8365,5.8132,5.75186666667,6.16992315456,5.8365,5.50307684544,-0.00304200760485,0.0158270102868,-0.0188690178917,44.50596604,27.9904051173,29.6681769723
365,2013-06-10,5.82,5.9,5.79,5.85,44200,5.85,81442.0,5.78333333333,5.8335,5.8198,5.74933333333,6.17351617608,5.8335,5.49348382392,0.0116005348406,0.0205442647597,-0.00894372991909,50.3264292517,28.2196162047,33.3848614072
366,2013-06-07,5.84,5.87,5.75,5.8,30600,5.8,81628.0,5.77466666667,5.825,5.8238,5.74693333333,6.1713812928,5.825,5.4786187072,0.0128119176006,0.0227801972395,-0.00996827963886,48.4865191104,26.3912579957,41.2406716418
367,2013-06-06,5.66,5.8,5.6,5.8,75100,5.8,81868.0,5.77333333333,5.819,5.8286,5.7462,6.17101704504,5.819,5.46698295496,0.0192626364311,0.0252722671492,-0.00600963071816,48.4865191104,36.0714285714,53.7420042644
368,2013-06-05,5.79,5.82,5.64,5.66,83600,5.66,81778.0,5.77333333333,5.812,5.8356,5.74506666667,6.1707533972,5.812,5.4532466028,0.027215915572,0.0267746748288,0.000441240743199,43.4275134467,42.8571428571,65.266746624
369,2013-06-04,6.04,6.12,5.75,5.78,59300,5.78,82128.0,5.77433333333,5.8235,5.8482,5.74446666667,6.17672938722,5.8235,5.47027061278,0.0512258694489,0.026664364643,0.024561504806,47.1098595455,59.6428571429,76.0799088971
370,2013-06-03,6.0,6.09,5.89,6.05,136700,6.05,82640.0,5.767,5.822,5.8614,5.7432,6.17620897786,5.822,5.46779102214,0.0689080161145,0.0205239884415,0.048384027673,57.2525255746,76.3965884861,81.673915326
371,2013-05-31,6.06,6.13,5.88,5.99,90800,5.99,81306.0,5.755,5.807,5.868,5.73933333333,6.14641714747,5.807,5.46758285253,0.0629836576241,0.00842798152321,0.0545556761009,55.2651061502,82.17039801,78.8542913773
372,2013-05-30,6.23,6.27,6.04,6.13,126900,6.13,80478.0,5.73766666667,5.7875,5.874,5.73646666667,6.12743381709,5.7875,5.44756618291,0.0606149868582,-0.00521093750201,0.0658259243602,61.4557163075,86.1097919493,74.6218523027
373,2013-05-29,6.05,6.24,6.05,6.22,76600,6.22,78742.0,5.72,5.753,5.876,5.7324,6.08689219817,5.753,5.41910780183,0.0424554836355,-0.0216674185921,0.0641229022275,65.8595509451,82.0188828584,69.4613829249
374,2013-05-28,5.91,6.17,5.9,6.12,93100,6.12,78896.0,5.71166666667,5.7265,5.8772,5.7286,5.98311449686,5.7265,5.46988550314,0.00949618339645,-0.037698144149,0.0471943275454,63.1339102746,65.1180926916,66.0338680927
375,2013-05-24,5.75,5.82,5.74,5.82,21100,5.82,80782.0,5.70533333333,5.705,5.8826,5.72806666667,5.88748287591,5.705,5.52251712409,-0.0225281770307,-0.0494967260353,0.0269685490046,52.5898689645,65.2406417112,69.055815508
376,2013-05-23,5.58,5.79,5.57,5.78,52700,5.78,82132.0,5.71033333333,5.6935,5.8934,5.7296,5.8745276222,5.6935,5.5124723778,-0.0325297690374,-0.0562388632864,0.0237090942491,50.8494140571,65.4679144385,70.5581550802
377,2013-05-22,5.77,5.9,5.64,5.66,59500,5.66,82386.0,5.71933333333,5.6925,5.905,5.7318,5.87181815301,5.6925,5.51318184699,-0.0407495498308,-0.0621661368487,0.021416587018,45.2504346921,68.3088235294,70.9005343941
378,2013-05-21,5.75,5.82,5.75,5.78,37300,5.78,82020.0,5.73166666667,5.6995,5.9188,5.73393333333,5.88405080601,5.6995,5.51494919399,-0.0384300765913,-0.0675202836032,0.0290902070119,50.60313471,77.2058823529,69.1238749598
379,2013-05-20,5.72,5.8,5.72,5.77,62100,5.77,83148.0,5.73633333333,5.695,5.9312,5.73606666667,5.8758314132,5.695,5.5141685868,-0.0471287841789,-0.0747928353562,0.0276640511773,50.1468066209,71.25,64.9538934426
380,2013-05-17,5.72,5.77,5.7,5.76,98500,5.76,85944.0,5.747,5.6845,5.9462,5.73846666667,5.87099128666,5.6845,5.49800871334,-0.0565278068208,-0.0817088481505,0.0251810413297,49.715458787,66.837431694,61.8954918033
381,2013-05-16,5.69,5.74,5.67,5.7,76100,5.7,87418.0,5.764,5.681,5.9616,5.74013333333,5.86429211658,5.681,5.49770788342,-0.0666839730755,-0.0880041084829,0.0213201354074,47.1686711039,61.2021857923,59.4659933646
382,2013-05-15,5.63,5.74,5.6,5.72,145800,5.72,89642.0,5.77866666667,5.6695,5.9768,5.7426,5.87419245223,5.6695,5.46480754777,-0.0725678947595,-0.0933341423348,0.0207662475753,47.919892846,60.5259562842,60.4344750195
383,2013-05-14,5.6,5.7,5.6,5.66,513500,5.66,88858.0,5.78866666667,5.6635,5.991,5.74553333333,5.86895315768,5.6635,5.45804684232,-0.0810587490577,-0.0985257042286,0.0174669551708,45.5020314964,59.0163934426,61.6964285714
384,2013-05-13,5.63,5.68,5.6,5.62,109900,5.62,80682.0,5.79766666667,5.679,6.0064,5.74866666667,5.92402244795,5.679,5.43397755205,-0.0846080394667,-0.102892443021,0.0182844035546,43.8894253991,57.1194379391,63.4601873536
385,2013-05-10,5.69,5.69,5.62,5.68,42900,5.68,79716.0,5.81066666667,5.6945,6.0222,5.75073333333,5.96091884318,5.6945,5.42808115682,-0.0838348350147,-0.10746354391,0.0236287088953,45.7760834438,65.0761124122,65.162470726
386,2013-05-09,5.63,5.76,5.56,5.68,74400,5.68,80696.0,5.823,5.709,6.0368,5.75333333333,6.00102054722,5.709,5.41697945278,-0.0877376200956,-0.113370721134,0.0256331010381,45.7760834438,65.5737704918,60.8577283372
387,2013-05-08,5.35,5.66,5.31,5.66,108200,5.66,80780.0,5.835,5.7275,6.0486,5.756,6.05460090186,5.7275,5.40039909814,-0.0914428094885,-0.119778996393,0.0283361869048,45.0977664649,66.0714285714,55.2615914787
388,2013-05-07,5.75,5.91,5.72,5.89,54600,5.89,79444.0,5.85133333333,5.746,6.0588,5.759,6.09673636823,5.746,5.39526363177,-0.0928055376301,-0.12686304312,0.0340575054894,52.0509486899,63.9285714286,48.3740601504
389,2013-05-06,5.74,5.8,5.67,5.75,38000,5.75,80296.0,5.86466666667,5.7475,6.0654,5.7622,6.100933162,5.7475,5.394066838,-0.116613157365,-0.135377419492,0.0187642621265,47.4735107056,47.8571428571,41.0980576441
390,2013-05-03,5.71,5.83,5.68,5.75,50700,5.75,81398.0,5.88766666667,5.7645,6.0818,5.76553333333,6.14819128215,5.7645,5.38080871785,-0.131049600629,-0.140068485023,0.00901888439418,47.4735107056,43.1892230576,39.8637218045
391,2013-05-02,5.5,5.65,5.5,5.6,38900,5.6,81610.0,5.90866666667,5.7905,6.0948,5.76786666667,6.23274314579,5.7905,5.34825685421,-0.147569575841,-0.142323206122,-0.00524636971872,42.3929461777,38.5213032581,40.6161236424
392,2013-05-01,5.64,5.64,5.3,5.44,137300,5.44,83926.0,5.93166666667,5.8175,6.1116,5.7732,6.27557750436,5.8175,5.35942249564,-0.151235877644,-0.141011613692,-0.0102242639515,36.2892896835,34.8245614035,42.2236907373
393,2013-04-30,5.66,5.83,5.59,5.69,62000,5.69,83740.0,5.958,5.8465,6.135,5.7782,6.27797537589,5.8465,5.41502462411,-0.13742470827,-0.138455547704,0.00103083943403,42.8812968905,42.9197994987,44.1617716165
394,2013-04-29,5.64,5.74,5.53,5.69,62700,5.69,84498.0,5.97766666667,5.8585,6.1516,5.78053333333,6.28522122047,5.8585,5.43177877953,-0.143252274514,-0.138713257563,-0.00453901695057,42.8812968905,46.1988304094,42.7139981541
395,2013-04-26,5.74,5.81,5.59,5.59,58800,5.59,84230.0,6.001,5.8745,6.1676,5.78326666667,6.29873931925,5.8745,5.45026068075,-0.148606698707,-0.137578503325,-0.0110281953819,39.0635514235,44.9515716374,36.9246415672
396,2013-04-25,5.75,6.0,5.73,5.76,46100,5.76,84458.0,6.02666666667,5.8975,6.1826,5.78686666667,6.3071767018,5.8975,5.4878232982,-0.143097520879,-0.13482145448,-0.00827606639894,43.6713025683,42.5768849206,29.0840935112
397,2013-04-24,5.73,5.84,5.64,5.8,37800,5.8,84354.0,6.04666666667,5.9115,6.1936,5.78906666667,6.32056112013,5.9115,5.50243887987,-0.151293479056,-0.13275243788,-0.0185410411757,44.826560872,37.1287056489,22.4820584043
398,2013-04-23,5.64,5.89,5.64,5.69,73300,5.69,85468.0,6.065,5.929,6.2038,5.7928,6.34732523232,5.929,5.51067476768,-0.163626596888,-0.128117177586,-0.0355094193021,40.8295450035,23.0414040616,16.34774527
399,2013-04-22,5.63,5.68,5.48,5.56,43500,5.56,85582.0,6.08866666667,5.959,6.2182,5.79813333333,6.39031890754,5.959,5.52768109246,-0.165788116785,-0.119239822761,-0.0465482940245,35.71916353,13.5893794137,16.3276760788
400,2013-04-19,5.47,5.71,5.43,5.69,45200,5.69,88578.0,6.12066666667,6.003,6.238,5.8032,6.44200341684,6.003,5.56399658316,-0.152899175028,-0.107602749255,-0.0452964257729,38.8335368831,16.1687444931,22.1129777642
401,2013-04-18,5.64,5.65,5.45,5.47,56700,5.47,91754.0,6.14866666667,6.0375,6.2594,5.80693333333,6.48111582478,6.0375,5.59388417522,-0.147460574093,-0.0962786428113,-0.0511819312815,29.1223231064,12.5914531114,28.8470054312
402,2013-04-17,5.89,5.92,5.58,5.6,71300,5.6,91728.0,6.18166666667,6.0785,6.283,5.81193333333,6.45053628855,6.0785,5.70646371145,-0.115974060549,-0.083483159991,-0.0324909005584,31.9014372447,22.9611272969,37.4110390832
403,2013-04-16,5.99,6.0,5.84,5.97,46200,5.97,92704.0,6.20933333333,6.11,6.303,5.81706666667,6.4153522556,6.11,5.8046477444,-0.0873352878369,-0.0753604348513,-0.0119748529855,42.6606840871,36.7305861553,43.5320511186
404,2013-04-15,5.95,6.0,5.87,5.93,139700,5.93,93806.0,6.22466666667,6.1255,6.3186,5.81926666667,6.4323207946,6.1255,5.8186792054,-0.0871841955698,-0.072366721605,-0.0148174739649,40.6513313316,43.1048551612,46.8891523868
405,2013-04-12,6.0,6.06,5.92,5.97,35700,5.97,93652.0,6.24066666667,6.1485,6.3318,5.82033333333,6.46214151511,6.1485,5.83485848489,-0.0816504858679,-0.0686623531137,-0.0129881327542,42.0186218436,46.8475877193,48.5348135965
406,2013-04-11,6.04,6.06,5.96,6.05,32300,6.05,95026.0,6.25533333333,6.168,6.3378,5.82013333333,6.4833157148,6.168,5.8526842852,-0.0774725438722,-0.0654153199252,-0.012057223947,44.8181529229,47.4451754386,49.6354166667
407,2013-04-10,5.92,6.07,5.88,6.03,75200,6.03,97302.0,6.26266666667,6.1835,6.3476,5.8196,6.50451557594,6.1835,5.86248442406,-0.079158551814,-0.0624010139384,-0.0167575378756,43.9512615998,50.1589912281,49.336622807
408,2013-04-09,6.12,6.13,5.9,5.92,40000,5.92,101410.0,6.26733333333,6.1995,6.3516,5.8166,6.52021638561,6.1995,5.87878361439,-0.0781227502879,-0.0582116294696,-0.0199111208184,39.0621058686,49.6875,46.328125
409,2013-04-08,6.26,6.28,6.02,6.09,34600,6.09,101920.0,6.27733333333,6.2235,6.3516,5.817,6.52841146256,6.2235,5.91858853744,-0.0644643599723,-0.053233849265,-0.0112305107073,44.6516603661,51.25,41.6683467742
410,2013-04-05,6.02,6.29,5.95,6.27,205900,6.27,102694.0,6.29333333333,6.245,6.349,5.8144,6.56925298765,6.245,5.92074701235,-0.0634027147334,-0.0504262215881,-0.0129764931452,51.9621713339,46.25,35.4394477857
411,2013-04-04,5.99,6.14,5.99,6.14,48800,6.14,102996.0,6.29766666667,6.258,6.3418,5.81033333333,6.60525206983,6.258,5.91074793017,-0.0794527207778,-0.0471820983018,-0.032270622476,46.037130932,38.125,31.1504322717
412,2013-04-03,5.97,6.05,5.89,6.02,82900,6.02,103934.0,6.30766666667,6.274,6.337,5.808,6.62746286934,6.274,5.92053713066,-0.0855463252814,-0.0391144426828,-0.0464318825986,39.6576823023,31.0483870968,30.4406010798
413,2013-04-02,6.08,6.08,5.86,5.93,154300,5.93,104368.0,6.32733333333,6.2945,6.333,5.8064,6.63393924346,6.2945,5.95506075654,-0.0798614884801,-0.0275064720332,-0.0523550164469,34.2439006529,26.3344040459,35.5799316027
414,2013-04-01,6.04,6.09,5.72,6.01,80700,6.01,103840.0,6.347,6.3195,6.3318,5.80546666667,6.61919818151,6.3195,6.01980181849,-0.062280311494,-0.0144177179214,-0.0478625935726,36.9825633927,29.0939379442,44.638753651
415,2013-03-28,6.08,6.1,5.9,6.05,53500,6.05,104316.0,6.363,6.3395,6.328,5.80546666667,6.60539283555,6.3395,6.07360716445,-0.04707989561,-0.0024520695283,-0.0446278260817,38.4087311236,35.2856752324,53.8021837501
416,2013-03-27,6.1,6.13,5.97,6.04,42600,6.04,104210.0,6.37266666667,6.3575,6.3208,5.80646666667,6.58909231421,6.3575,6.12590768579,-0.0310665663091,0.00870488699212,-0.0397714533013,37.8523742443,51.6057091882,60.2082868718
417,2013-03-26,6.36,6.36,6.1,6.15,70600,6.15,104954.0,6.38166666667,6.369,6.317,5.8076,6.55467713914,6.369,6.18332286086,-0.00915767594612,0.0186477503174,-0.0278054262636,41.6998589183,62.5696922391,59.5464429081
418,2013-03-25,6.48,6.52,6.17,6.29,101100,6.29,105104.0,6.387,6.37,6.3126,5.80633333333,6.55110770276,6.37,6.18889229724,0.00773923758553,0.0255991068833,-0.0178598692978,47.3929507577,65.7476583408,53.7373531817
419,2013-03-22,6.4,6.44,6.22,6.44,84900,6.44,104640.0,6.391,6.3665,6.3052,5.80413333333,6.5561602225,6.3665,6.1768397775,0.014938727401,0.0300640742078,-0.0151253468067,54.8420909712,60.9100877193,45.1337719298
420,2013-03-21,6.21,6.44,6.21,6.38,70000,6.38,104062.0,6.39466666667,6.373,6.2946,5.79933333333,6.58037405816,6.373,6.16562594184,0.00863787654884,0.0338454109095,-0.0252075343606,52.0422969499,48.9583333333,37.6716485507
421,2013-03-20,6.27,6.4,6.24,6.29,49400,6.29,105322.0,6.40733333333,6.374,6.2868,5.79506666667,6.58169207977,6.374,6.16630792023,0.00657914871131,0.0401472944996,-0.0335681457883,47.5093483156,39.3333333333,33.0389492754
422,2013-03-19,6.28,6.38,6.16,6.23,40100,6.23,106932.0,6.41933333333,6.3815,6.2766,5.7926,6.58734217255,6.3815,6.17565782745,0.0130194030174,0.0485393309467,-0.0355199279293,44.2471245112,31.3333333333,32.2110507246
423,2013-03-18,6.3,6.34,5.93,6.28,84300,6.28,107780.0,6.43166666667,6.4005,6.2642,5.79086666667,6.61678453481,6.4005,6.18421546519,0.027159227197,0.057419312929,-0.030260085732,46.4825262347,31.0615942029,36.2436594203
424,2013-03-15,6.36,6.5,6.33,6.39,187400,6.39,107932.0,6.44733333333,6.4125,6.2474,5.7886,6.62733714762,6.4125,6.19766285238,0.0397208322087,0.064984334362,-0.0252635021533,51.8319372493,30.4275362319,41.884057971
425,2013-03-14,6.39,6.4,6.27,6.36,88600,6.36,106894.0,6.454,6.4175,6.2286,5.78406666667,6.63465202048,6.4175,6.20034797952,0.0439762505007,0.0713002099003,-0.0273239593996,50.3859488089,36.0217391304,48.6793478261
426,2013-03-13,6.38,6.45,6.34,6.36,65400,6.36,107540.0,6.451,6.4165,6.2072,5.7806,6.63488269162,6.4165,6.19811730838,0.0518226025679,0.0781311997502,-0.0263085971823,50.3859488089,47.4637681159,54.347826087
427,2013-03-12,6.44,6.45,6.31,6.35,41200,6.35,107126.0,6.457,6.414,6.1852,5.7774,6.63602702538,6.414,6.19197297462,0.0610836177145,0.0847083490458,-0.0236247313313,49.9541483456,53.6231884058,56.8161231884
428,2013-03-11,6.47,6.5,6.36,6.4,93700,6.4,108444.0,6.453,6.412,6.1606,5.7716,6.63699777777,6.412,6.18700222223,0.0730337335167,0.0906145318787,-0.017580798362,52.0576774368,57.6086956522,57.1059782609
429,2013-03-08,6.6,6.65,6.45,6.52,201900,6.52,107548.0,6.437,6.4125,6.1364,5.76493333333,6.63743332345,6.4125,6.18756667655,0.0821332088349,0.0950097314691,-0.0128765226343,57.4488723027,58.6956521739,56.3949275362
430,2013-03-07,6.48,6.59,6.4,6.53,172200,6.53,104728.0,6.41833333333,6.414,6.1114,5.75966666667,6.6421578401,6.414,6.1858421599,0.080334601567,0.0982288621277,-0.0178942605607,57.9129707934,57.3369565217,53.9159549689
431,2013-03-06,6.44,6.55,6.38,6.46,187300,6.46,108032.0,6.39766666667,6.4255,6.0866,5.755,6.69527583287,6.4255,6.15572416713,0.0758522395405,0.102702427268,-0.0268501877274,55.5805030839,54.7826086957,48.5853684359
432,2013-03-05,6.52,6.77,6.42,6.43,106600,6.43,106782.0,6.379,6.435,6.0616,5.75246666667,6.72181004166,6.435,6.14818995834,0.0761550830698,0.1094149742,-0.03325989113,54.5787398721,54.7644927536,40.7162855261
433,2013-03-04,6.42,6.5,6.3,6.43,104700,6.43,106468.0,6.35866666667,6.4435,6.0384,5.747,6.73915351342,6.4435,6.14784648658,0.0784884566933,0.117729946982,-0.0392414902889,54.5787398721,48.7797619048,34.3128802504
434,2013-03-01,6.42,6.49,6.31,6.41,61600,6.41,107606.0,6.34,6.4595,6.0196,5.74073333333,6.78375144564,6.4595,6.13524855436,0.0803250396574,0.127540319554,-0.0472152798971,53.9821760733,36.0146103896,29.5172648298
435,2013-02-28,6.27,6.44,6.08,6.41,91900,6.41,108782.0,6.32033333333,6.4685,5.9948,5.73533333333,6.79672400887,6.4685,6.14027599113,0.0835371867909,0.139344139529,-0.0558069527377,53.9821760733,23.3062770563,29.3814687565
436,2013-02-27,6.18,6.63,6.12,6.27,78600,6.27,108132.0,6.29633333333,6.4615,5.969,5.73206666667,6.80021964809,6.4615,6.12278035191,0.0864219682336,0.153295877713,-0.0668739094795,50.0201102741,29.1508716509,36.1286855037
437,2013-02-26,6.27,6.31,6.13,6.17,41400,6.17,108384.0,6.28233333333,6.475,5.9434,5.73006666667,6.80348135411,6.475,6.14651864589,0.10310149701,0.170014355083,-0.0669128580733,46.9930896679,29.5973002223,39.4007203382
438,2013-02-25,6.62,6.68,6.2,6.22,97200,6.22,109580.0,6.27433333333,6.478,5.92,5.73,6.79622004965,6.478,6.15977995035,0.133072801055,0.186742569601,-0.0536697685466,48.3527376192,35.4714260964,43.2059892997
439,2013-02-22,6.47,6.58,6.38,6.57,93100,6.57,109108.0,6.26433333333,6.463,5.8982,5.72946666667,6.84942463689,6.463,6.07657536311,0.164300570202,0.200160011738,-0.0358594415357,59.5524053139,50.2951440451,44.5125070125
440,2013-02-21,6.43,6.48,6.29,6.4,61300,6.4,108440.0,6.24233333333,6.4325,5.8676,5.72686666667,6.87285780906,6.4325,5.99214219094,0.166132369075,0.209124872122,-0.0429925030469,54.8340406588,42.239010989,39.1713392482
441,2013-02-20,6.6,6.65,6.33,6.44,154700,6.44,108702.0,6.22866666667,6.408,5.839,5.724,6.90388708392,6.408,5.91211291608,0.183363030631,0.219872997884,-0.0365099672523,56.2681688406,44.8183760684,34.6560179347
442,2013-02-19,6.53,6.61,6.46,6.61,128000,6.61,108534.0,6.20666666667,6.381,5.8096,5.72006666667,6.92358271259,6.381,5.83841728741,0.198615794572,0.229000489697,-0.0303846951243,62.7443101391,40.6974969475,31.0476006808
443,2013-02-15,6.52,6.61,6.46,6.52,99900,6.52,107908.0,6.17333333333,6.3415,5.776,5.7142,6.92511888249,6.3415,5.75788111751,0.1978858199,0.236596663478,-0.0387108435781,60.5099666482,28.9304729878,32.3331832324
444,2013-02-14,6.38,6.49,6.34,6.49,49300,6.49,111238.0,6.13733333333,6.309,5.7438,5.70906666667,6.92094444192,6.309,5.69705555808,0.203239403937,0.246274374372,-0.0430349704353,59.763042456,24.1777257351,41.4540732029
445,2013-02-13,6.34,6.51,6.3,6.34,70200,6.34,114160.0,6.10266666667,6.2755,5.7108,5.7032,6.91679478401,6.2755,5.63420521599,0.210170859869,0.257033116981,-0.0468622571119,55.889421711,30.3847070527,55.3764559284
446,2013-02-12,6.29,6.45,6.29,6.31,40900,6.31,131782.0,6.06766666667,6.243,5.68,5.6988,6.93203120394,6.243,5.55396879606,0.231233614752,0.268748681259,-0.0375150665072,55.0864228648,45.8398271538,68.7979782802
447,2013-02-11,6.4,6.48,6.28,6.31,93500,6.31,133360.0,6.03266666667,6.22,5.6558,5.6948,6.92897108545,6.22,5.51102891455,0.257808496588,0.278127447886,-0.0203189512983,55.0864228648,65.4140328698,79.4619152971
448,2013-02-08,6.53,6.55,6.36,6.41,79000,6.41,133636.0,5.993,6.201,5.6268,5.69153333333,6.91960698577,6.201,5.48239301423,0.287977767635,0.283207185711,0.00477058192425,58.1277642192,79.8672566372,85.4954779734
449,2013-02-07,6.7,6.7,6.3,6.55,193300,6.55,135956.0,5.95233333333,6.1765,5.5956,5.68706666667,6.89833862462,6.1765,5.45466137538,0.312114142424,0.282014540229,0.0300996021945,62.6223905351,84.0707964602,86.8445059416
450,2013-02-06,6.59,6.8,6.35,6.76,204000,6.76,136246.0,5.90966666667,6.1445,5.562,5.67993333333,6.85390749926,6.1445,5.43509250074,0.324126545992,0.274489639681,0.0496369063115,70.1808867188,88.4955752212,88.2907817947
451,2013-02-05,6.64,6.7,6.58,6.65,55400,6.65,133506.0,5.86066666667,6.106,5.5206,5.6704,6.75894410174,6.106,5.45305589826,0.313362354969,0.262080413103,0.0512819418658,68.3210935675,89.5482835748,89.0180310992
452,2013-02-04,6.67,6.72,6.46,6.6,120100,6.6,134434.0,5.81266666667,6.0625,5.4844,5.662,6.67961830308,6.0625,5.44538169692,0.306265335081,0.249259927637,0.0570054074445,67.4646109378,85.2633685102,87.3285624117
453,2013-02-01,6.63,6.82,6.55,6.75,101300,6.75,134814.0,5.76833333333,6.013,5.4434,5.6554,6.60815040116,6.013,5.41784959884,0.29784309755,0.235008575775,0.062834521775,72.9596076854,89.8558998727,87.0551500766
454,2013-01-31,6.26,6.6,6.26,6.59,132000,6.59,134834.0,5.72633333333,5.9475,5.3988,5.64706666667,6.48978682448,5.9475,5.40521317552,0.26748826932,0.219299945332,0.048188323988,70.5867096913,91.4045724391,83.3411751084
455,2013-01-30,6.51,6.54,6.21,6.27,104400,6.27,141848.0,5.679,5.8905,5.3512,5.6396,6.38851506001,5.8905,5.39248493999,0.241144641006,0.207252864335,0.0338917766713,64.8598742412,82.7904088249,76.7400319987
456,2013-01-29,6.25,6.55,6.12,6.54,146100,6.54,144342.0,5.64066666667,5.8415,5.3074,5.6358,6.37228338331,5.8415,5.31071661669,0.236594851544,0.198779920167,0.0378149313768,76.5349592988,84.1697191697,71.0572052061
457,2013-01-28,5.86,6.23,5.69,6.23,280600,6.23,145608.0,5.589,5.7775,5.2618,5.62953333333,6.26267522608,5.7775,5.29232477392,0.199855376971,0.189326187323,0.0105291896485,70.9623489165,75.0,64.5087174941
458,2013-01-25,5.97,5.98,5.86,5.92,65500,5.92,141762.0,5.548,5.722,5.2262,5.62546666667,6.24025090448,5.722,5.20374909552,0.18161909667,0.18669388991,-0.00507479324069,62.7472930658,65.0,60.1516494735
459,2013-01-24,5.89,5.99,5.89,5.96,73300,5.96,141960.0,5.52166666667,5.6855,5.1968,5.62366666667,6.24408660922,5.6855,5.12691339078,0.187264875679,0.187962588221,-0.000697712541504,64.9488720203,60.0591016548,57.5873446107
460,2013-01-23,5.91,6.05,5.86,5.91,221000,5.91,143028.0,5.491,5.651,5.1648,5.62053333333,6.2225907627,5.651,5.0794092373,0.187674362696,0.188137016356,-0.000462653660262,63.460801131,57.9757683215,58.1700122181
461,2013-01-22,5.81,5.95,5.76,5.9,95700,5.9,140496.0,5.45966666667,5.62,5.1422,5.61846666667,6.19924088253,5.62,5.04075911747,0.190558117212,0.188252679771,0.00230543744122,63.1704231619,57.5717279175,60.8166832618
462,2013-01-18,5.85,5.93,5.78,5.82,104600,5.82,141980.0,5.42866666667,5.5855,5.123,5.61526666667,6.17600740893,5.5855,4.99499259107,0.192485263999,0.187676320411,0.00480894358864,60.8597781517,54.7427805491,65.5134259172
463,2013-01-17,5.82,5.93,5.8,5.87,127900,5.87,140714.0,5.399,5.558,5.1168,5.61233333333,6.15346956261,5.558,4.96253043739,0.200290672968,0.186474084514,0.0138165884541,63.1594736552,62.3897720842,73.5649407643
464,2013-01-16,5.69,5.86,5.68,5.82,104500,5.82,139968.0,5.367,5.539,5.1106,5.60946666667,6.11744273701,5.539,4.96055726299,0.202248985171,0.1830199374,0.0192290477713,61.8198176793,68.5624524965,81.0638394881
465,2013-01-15,5.79,5.81,5.64,5.69,48200,5.69,140056.0,5.33433333333,5.5065,5.1002,5.6072,6.09114604677,5.5065,4.92185395323,0.206897609327,0.178212675457,0.0286849338697,58.1452998509,76.3586985391,87.607079824
466,2013-01-14,5.89,6.08,5.63,5.85,79800,5.85,140886.0,5.30466666667,5.478,5.0962,5.6072,6.07941832363,5.478,4.87658167637,0.223057888023,0.17104144199,0.0520164460328,65.3310840872,86.9488399373,92.1573876576
467,2013-01-11,5.95,5.99,5.63,5.93,78100,5.93,140416.0,5.27966666667,5.435,5.093,5.6058,6.04676792986,5.435,4.82323207014,0.224148892641,0.158037330482,0.0661115621595,69.3078235625,92.3853669795,93.5781949675
468,2013-01-10,5.96,6.02,5.81,5.92,77900,5.92,140032.0,5.244,5.3885,5.087,5.60473333333,5.98385787557,5.3885,4.79314212443,0.214135609189,0.141509439942,0.0726261692468,69.0894301083,94.7354138399,93.2311995858
469,2013-01-09,5.99,5.99,5.83,5.91,56000,5.91,139390.0,5.20833333333,5.349,5.08,5.60313333333,5.90133685374,5.349,4.79666314626,0.199258500357,0.12335289763,0.0759056027271,68.8838347445,94.5599298736,90.5677963852
470,2013-01-08,5.76,6.03,5.72,5.99,133000,5.99,139214.0,5.17366666667,5.3055,5.0736,5.6016,5.80914570881,5.3055,4.80185429119,0.178389775989,0.104376496948,0.0740132790408,72.464267444,92.6320691771,86.4962662977
471,2013-01-07,5.7,5.79,5.61,5.78,129900,5.78,137116.0,5.13033333333,5.2545,5.0632,5.59933333333,5.66929995178,5.2545,4.83970004822,0.141013480145,0.0858731771882,0.0551403029567,68.4694770508,90.9973854528,80.897772813
472,2013-01-04,5.49,5.7,5.48,5.61,82500,5.61,135200.0,5.099,5.214,5.0588,5.59913333333,5.56960652412,5.214,4.85839347588,0.112638448283,0.072088101449,0.0405503468344,64.6100558074,84.0818010372,72.6393952511
473,2013-01-03,5.48,5.59,5.42,5.44,91900,5.44,135676.0,5.06366666667,5.18,5.057,5.60013333333,5.50649655435,5.18,4.85350344565,0.0920923029143,0.0619505147404,0.0301417881739,60.0718343552,78.2738095238,65.0939039409
474,2013-01-02,5.49,5.49,5.32,5.45,135500,5.45,136520.0,5.033,5.1535,5.0612,5.6024,5.47730704131,5.1535,4.82969295869,0.0818375166007,0.0544150676969,0.0274224489039,60.4955707629,70.2380952381,58.4231321839
475,2012-12-31,5.25,5.31,5.15,5.29,120900,5.29,135160.0,4.99166666667,5.123,5.073,5.60386666667,5.44425379375,5.123,4.80174620625,0.0665401345555,0.0475594554709,0.0189806790845,55.8708472316,57.9638752053,53.3636083744
476,2012-12-28,5.08,5.33,5.06,5.26,44700,5.26,133638.0,4.95133333333,5.0985,5.0882,5.60693333333,5.43922129373,5.0985,4.75777870627,0.0623381649696,0.0428142856998,0.0195238792698,54.952671924,53.8998357964,52.3280993432
477,2012-12-27,5.19,5.19,4.69,5.12,107100,5.12,133954.0,4.918,5.0905,5.1052,5.6104,5.42309434752,5.0905,4.75790565248,0.0591227322986,0.0379333158823,0.0211894164163,50.4886435999,51.5907224959,54.9150118021
478,2012-12-26,5.26,5.27,5.15,5.19,48900,5.19,132730.0,4.89566666667,5.0775,5.1224,5.6136,5.4244798265,5.0775,4.7305201735,0.0684132494015,0.0326359617783,0.0357772876232,52.923608317,50.0,59.7507753364
479,2012-12-24,5.24,5.33,5.17,5.27,60900,5.27,133516.0,4.871,5.0605,5.1406,5.61746666667,5.41695336301,5.0605,4.70404663699,0.0721489530579,0.0236916398725,0.0484573131854,55.7783851911,53.8218390805,66.7556660884
480,2012-12-21,5.14,5.38,5.13,5.29,337400,5.29,132966.0,4.84066666667,5.0405,5.1578,5.6202,5.3925497124,5.0405,4.6884502876,0.0677221754984,0.0115773115761,0.0561448639223,56.4857062887,64.2474856322,72.1597718671
481,2012-12-20,5.26,5.34,5.13,5.21,124800,5.21,157052.0,4.82366666667,5.0105,5.1722,5.62226666667,5.37444917227,5.0105,4.64655082773,0.0590505841335,-0.00245890440447,0.061509488538,54.3348527132,70.933776633,71.9515589957
482,2012-12-19,5.51,5.53,5.2,5.27,90900,5.27,155190.0,4.81466666667,4.992,5.1894,5.62486666667,5.35108773301,4.992,4.63291226699,0.055269017204,-0.017836276539,0.0731052937429,56.2719316116,78.0195630081,70.465574187
483,2012-12-18,5.17,5.51,5.11,5.49,161600,5.49,153858.0,4.82266666667,4.956,5.2072,5.62726666667,5.3398958192,4.956,4.5721041808,0.0435293588001,-0.0361125999747,0.0796419587748,64.0459840536,75.4382621951,67.496083164
484,2012-12-17,5.13,5.18,4.95,5.17,120400,5.17,151372.0,4.825,4.9075,5.22,5.6282,5.2523985358,4.9075,4.5626014642,0.00551213140012,-0.0560230896684,0.0615352210685,55.798178274,63.4146341463,66.6123105746
485,2012-12-14,4.97,5.23,4.97,5.12,59400,5.12,150404.0,4.82933333333,4.8595,5.2352,5.63113333333,5.29911232922,4.8595,4.41988767078,-0.0105100334834,-0.0714068949355,0.0608968614521,54.2763441835,64.9898373984,70.0223992036
486,2012-12-13,4.99,5.04,4.97,4.99,91200,4.99,150020.0,4.84166666667,4.8075,5.2542,5.63453333333,5.34638310421,4.8075,4.26861689579,-0.0257163598114,-0.0866311102985,0.0609147504871,50.13114711,66.141598916,71.4761870195
487,2012-12-12,5.18,5.21,4.97,5.0,101200,5.0,149312.0,4.865,4.771,5.276,5.6386,5.35268376288,4.771,4.18931623712,-0.031514742,-0.10185979792,0.0703450559203,50.4578893487,71.9031718378,72.2080066783
488,2012-12-11,5.03,5.16,5.0,5.13,73600,5.13,147928.0,4.886,4.7435,5.2982,5.64206666667,5.33125079753,4.7435,4.15574920247,-0.0394753717462,-0.1194460619,0.0799706901542,54.7668665974,77.0549886621,71.3778146918
489,2012-12-10,5.0,5.04,4.95,5.04,59700,5.04,148036.0,4.90066666667,4.7095,5.323,5.6444,5.28236909499,4.7095,4.13663090501,-0.0622982064878,-0.139438734439,0.0771405279511,52.1393966076,70.8049886621,69.33807142
490,2012-12-07,5.01,5.05,4.95,4.97,74400,4.97,147640.0,4.919,4.6755,5.3472,5.64506666667,5.24658580791,4.6755,4.10441419209,-0.0813586507363,-0.158723866427,0.0773652156904,50.0436305271,69.068877551,70.8305251179
491,2012-12-06,4.94,5.01,4.93,4.97,146300,4.97,147950.0,4.93566666667,4.666,5.3698,5.6464,5.22332934608,4.666,4.10867065392,-0.0973760373847,-0.178065170349,0.0806891329646,50.0436305271,68.5824038918,73.7986732603
492,2012-12-05,4.95,4.99,4.87,4.93,96700,4.93,147704.0,4.95533333333,4.6645,5.3984,5.64966666667,5.21870122699,4.6645,4.11029877301,-0.116403668527,-0.19823745359,0.0818337850639,48.9420387343,68.896015575,78.0769693717
493,2012-12-04,5.05,5.05,4.82,4.91,266400,4.91,150178.0,4.975,4.6935,5.4236,5.6542,5.35126211505,4.6935,4.03573788495,-0.13492397346,-0.218695899856,0.0837719263964,48.4139002223,76.7748034538,84.039050529
494,2012-12-03,4.86,4.9,4.84,4.84,195400,4.84,146566.0,4.99966666667,4.726,5.4462,5.65906666667,5.48046404818,4.726,3.97153595182,-0.154563723052,-0.239638881456,0.0850751584036,46.619367233,80.9414701204,86.8215416685
495,2012-11-30,5.1,5.11,4.8,4.8,951300,4.8,143870.0,5.03966666667,4.749,5.4714,5.66606666667,5.54297481068,4.749,3.95502518932,-0.170255712923,-0.260907671056,0.0906519581332,45.6155120528,85.6955883375,88.545743801
496,2012-11-29,4.92,5.12,4.88,5.1,119800,5.1,125784.0,5.08133333333,4.7835,5.498,5.67166666667,5.64078116741,4.7835,3.92621883259,-0.183735224171,-0.28357066059,0.0998354364189,52.4900026374,92.7443402044,85.8287445718
497,2012-11-28,4.84,4.92,4.8,4.86,107300,4.86,125170.0,5.115,4.813,5.5178,5.67486666667,5.74882263277,4.813,3.87717736723,-0.228812924357,-0.308529519694,0.0797165953373,46.5006206134,87.9047680119,77.1754369227
498,2012-11-27,4.85,4.98,4.76,4.85,195000,4.85,125176.0,5.15233333333,4.8515,5.5478,5.67946666667,5.85294445677,4.8515,3.85005554323,-0.258583910059,-0.328458668529,0.0698747584699,46.2383960927,87.8382786502,65.5209131792
499,2012-11-26,4.66,4.88,4.63,4.87,207800,4.87,122706.0,5.194,4.8875,5.5806,5.6832,5.93676402778,4.8875,3.83823597222,-0.291803111299,-0.345927358146,0.0541242468472,46.6631564535,74.8275914207,48.6567877311
500,2012-11-23,4.84,4.84,4.64,4.69,67000,4.69,119284.0,5.236,4.9235,5.6096,5.68913333333,6.01639111992,4.9235,3.83060888008,-0.331994846536,-0.359458419858,0.0274635733221,42.2279169906,58.131109608,33.0153278063
501,2012-11-21,4.58,4.87,4.55,4.84,101800,4.84,118350.0,5.28,4.9625,5.6408,5.69506666667,6.07477469629,4.9625,3.85022530371,-0.360137827198,-0.366324313189,0.00618648599091,45.131995613,41.2866730381,20.2159241461
502,2012-11-20,4.5,4.58,4.4,4.55,139100,4.55,117224.0,5.321,4.9985,5.6684,5.70053333333,6.13883810776,4.9985,3.85816189224,-0.40609286321,-0.367870934686,-0.038221928524,37.4037872217,20.3817768577,11.5834091222
503,2012-11-19,4.28,4.54,4.26,4.52,102300,4.52,115366.0,5.37466666667,5.047,5.7048,5.7086,6.18942023792,5.047,3.90457976208,-0.429314122074,-0.358315452555,-0.0709986695191,36.5452435034,12.2617517215,7.95121452887
504,2012-11-16,4.15,4.25,4.03,4.21,482700,4.21,116138.0,5.42833333333,5.1035,5.7404,5.7166,6.24784741228,5.1035,3.95915258772,-0.449653777976,-0.340565785176,-0.109087992801,26.9287523785,6.93349496709,6.58183206259
505,2012-11-15,4.26,4.29,4.02,4.08,229100,4.08,108576.0,5.48566666667,5.195,5.778,5.7272,6.33156500034,5.195,4.05843499966,-0.437510520193,-0.313293786975,-0.124216733217,22.3461472565,6.75661294235,5.87337284532
506,2012-11-14,4.45,4.49,4.23,4.26,209400,4.26,104896.0,5.552,5.2935,5.8152,5.73886666667,6.36612808093,5.2935,4.22087191907,-0.40241115451,-0.282239603671,-0.120171550839,24.3060021371,5.85299848452,7.71981137646
507,2012-11-13,4.41,4.56,4.4,4.45,88300,4.45,102632.0,5.61266666667,5.386,5.8494,5.74753333333,6.40384871174,5.386,4.36815128826,-0.370085620065,-0.252196715961,-0.117888904103,26.5919588424,6.7842218564,13.5421535221
508,2012-11-12,4.36,4.51,4.29,4.45,75400,4.45,102392.0,5.668,5.4625,5.872,5.7548,6.4153667273,5.4625,4.5096332727,-0.342788874353,-0.222724489935,-0.120064384417,26.5919588424,4.09965809801,19.3114528251
509,2012-11-09,4.74,4.78,4.36,4.36,126700,4.36,101542.0,5.732,5.545,5.9026,5.76286666667,6.4150459758,5.545,4.6749540242,-0.302962280744,-0.192708393831,-0.110253886913,23.6595204655,14.1423670669,27.0339443499
510,2012-11-08,4.95,4.96,4.72,4.78,94400,4.78,99768.0,5.795,5.6335,5.9294,5.7722,6.3499153823,5.6335,4.9170846177,-0.238558704456,-0.165144922103,-0.0734137823528,28.6124535053,29.1423670669,31.9120417164
511,2012-11-07,5.4,5.56,4.94,4.94,169900,4.94,98508.0,5.839,5.695,5.947,5.7782,6.31207373952,5.695,5.07792626048,-0.1956500132,-0.146791476514,-0.0488585366856,30.900745747,29.8614190687,31.6635568044
512,2012-11-06,5.57,5.58,5.4,5.51,41300,5.51,95734.0,5.88766666667,5.7515,5.964,5.7836,6.28266005121,5.7515,5.22033994879,-0.154328010715,-0.134576842343,-0.0197511683717,42.0167614927,34.9896241969,32.6005064838
513,2012-11-05,5.29,5.68,5.29,5.56,90600,5.56,95476.0,5.91033333333,5.784,5.9694,5.78646666667,6.33137190282,5.784,5.23662809718,-0.157377701932,-0.12963905025,-0.0277386516821,43.2850816629,33.654756533,32.7206654271
514,2012-11-02,5.52,5.55,5.23,5.3,108900,5.3,94294.0,5.92633333333,5.8125,5.974,5.78753333333,6.36952333883,5.8125,5.25547666117,-0.164071995785,-0.12270438733,-0.0413676084557,33.6080957406,28.148427419,31.2673002356
515,2012-11-01,5.68,5.78,5.48,5.49,89700,5.49,92860.0,5.953,5.844,5.9882,5.79066666667,6.35049383017,5.844,5.33750616983,-0.143757120001,-0.112362485216,-0.0313946347852,38.0088039258,33.6092177864,29.9798902988
516,2012-10-31,5.64,5.78,5.64,5.69,56300,5.69,92072.0,5.97433333333,5.873,6.0024,5.79313333333,6.36118439139,5.873,5.38481560861,-0.135082393163,-0.104513826519,-0.0305685666439,43.5874946271,35.4702599701,26.3006416161
517,2012-10-26,5.55,5.64,5.51,5.63,58900,5.63,92070.0,5.98766666667,5.8925,6.0128,5.79406666667,6.38104375444,5.8925,5.40395624556,-0.142409088826,-0.0968716848585,-0.045537403968,41.1826322028,27.841295767,21.0522029125
518,2012-10-25,5.63,5.65,5.52,5.57,45800,5.57,91838.0,6.012,5.9165,6.0194,5.79606666667,6.39821672174,5.9165,5.43478327826,-0.143580120908,-0.0854873338665,-0.0580927870416,38.7583855981,22.9987876716,18.853478378
519,2012-10-24,5.51,5.59,5.42,5.59,47200,5.59,91596.0,6.04266666667,5.9565,6.0272,5.79813333333,6.44921797207,5.9565,5.46378202793,-0.136877254643,-0.0709641371061,-0.0659131175367,39.2592349371,18.8922230558,19.3067568363
520,2012-10-23,5.51,5.55,5.33,5.47,28100,5.47,91964.0,6.067,5.9895,6.0298,5.7988,6.46780847787,5.9895,5.51119152213,-0.128367381633,-0.0544858577219,-0.073881523911,34.5468758866,14.4765051557,23.5604167586
521,2012-10-22,5.5,5.62,5.5,5.56,34100,5.56,92082.0,6.093,6.021,6.0352,5.8012,6.43726433909,6.021,5.60473566091,-0.10342034544,-0.0360154767441,-0.067404868696,36.5200531214,19.0463976288,29.4374145007
522,2012-10-19,5.6,5.66,5.4,5.52,106300,5.52,91878.0,6.115,6.063,6.0424,5.80333333333,6.45344077656,6.063,5.67255922344,-0.0792381960387,-0.0191642595701,-0.0600739364686,34.9876031958,24.8119015048,34.9955825353
523,2012-10-18,6.05,6.05,5.58,5.65,134100,5.65,90644.0,6.14333333333,6.0965,6.0514,5.80553333333,6.40016264176,6.0965,5.79283735824,-0.0431476970421,-0.00414577545296,-0.0390019215891,37.736852267,35.9068627451,39.2726310113
524,2012-10-17,6.04,6.11,5.99,6.04,67500,6.04,89400.0,6.165,6.116,6.0572,5.8058,6.34283915006,6.116,5.88916084994,-0.00969185727492,0.00560470494432,-0.0152965622192,48.3121571001,37.984496124,38.4522212284
525,2012-10-16,6.12,6.12,6.04,6.05,44800,6.05,88962.0,6.16666666667,6.119,6.0506,5.8026,6.34331228232,6.119,5.89468771768,-0.00655815841171,0.00942884549913,-0.0159870039108,48.6366773718,41.2790697674,37.5354332986
526,2012-10-15,6.02,6.12,5.94,6.11,60500,6.11,89454.0,6.163,6.123,6.0464,5.79986666667,6.34509007182,6.123,5.90090992818,-0.00348120955849,0.0134255964768,-0.0169068060353,50.5276311228,41.9200954085,35.3133983482
527,2012-10-12,6.08,6.09,5.96,5.98,45900,5.98,89754.0,6.15833333333,6.122,6.0418,5.7962,6.34449494376,6.122,5.89950505624,-0.00561235906499,0.0176522979857,-0.0232646570507,46.3294573246,32.6252236136,32.3122062986
528,2012-10-11,6.2,6.26,6.03,6.1,88200,6.1,90974.0,6.145,6.141,6.0318,5.79093333333,6.37627855831,6.141,5.90572144169,0.0049855171513,0.0234684622483,-0.018482945097,49.9636240703,34.317344405,31.6845680326
529,2012-10-10,6.04,6.13,6.0,6.13,33400,6.13,91696.0,6.141,6.1605,6.0178,5.78453333333,6.4395322562,6.1605,5.8814677438,0.00622156254516,0.0280891985226,-0.0218676359774,50.8903219309,32.3909299656,31.4871030635
530,2012-10-09,6.06,6.14,6.0,6.01,1541700,6.01,91672.0,6.12666666667,6.17,6.0098,5.77713333333,6.45705400189,6.17,5.88294599811,0.00465416502903,0.033556107517,-0.0289019424879,47.2568159403,29.9153272101,31.8611124723
531,2012-10-08,6.12,6.16,6.04,6.07,31700,6.07,61878.0,6.115,6.182,6.0062,5.7704,6.46125615481,6.182,5.90274384519,0.014804080708,0.040781593139,-0.0259775124309,48.9379000536,30.1146705497,33.452402621
532,2012-10-05,6.14,6.22,6.06,6.16,24300,6.16,62820.0,6.10566666667,6.1895,6.0064,5.76246666667,6.46434359188,6.1895,5.91465640812,0.0214346410007,0.0472759712467,-0.025841330246,51.489114628,33.5274845286,38.2905804141
533,2012-10-04,5.97,6.14,5.93,6.13,37300,6.13,63278.0,6.093,6.2,5.9954,5.75566666667,6.48537694371,6.2,5.91462305629,0.020422234087,0.0537363038082,-0.0333140697211,50.6935053336,33.886967601,43.6015905632
534,2012-10-03,6.06,6.1,5.9,5.93,72000,5.93,63670.0,6.08166666667,6.2085,5.9826,5.74966666667,6.49515484472,6.2085,5.92184515528,0.0218875294941,0.0620648212385,-0.0401772917443,45.1218510836,36.2804878049,48.9430282104
535,2012-10-02,6.11,6.18,6.0,6.07,40200,6.07,64160.0,6.08433333333,6.2165,5.976,5.74646666667,6.47957983579,6.2165,5.95342016421,0.0438030515665,0.0721091441746,-0.028306092608,48.6987902972,49.467381722,55.8367616809
536,2012-10-01,6.15,6.33,6.02,6.08,55800,6.08,64220.0,6.08866666667,6.21,5.973,5.74326666667,6.49291341432,6.21,5.92708658568,0.0568835462616,0.0791856673266,-0.022302121065,48.956196854,54.7715251249,58.0783499853
537,2012-09-28,6.33,6.33,6.06,6.11,32000,6.11,65232.0,6.093,6.2045,5.9708,5.74126666667,6.5012473673,6.2045,5.9077526327,0.0717334351813,0.0847611975928,-0.0130277624115,49.6878208716,55.2527181898,57.4125771378
538,2012-09-27,6.28,6.42,6.15,6.37,79000,6.37,65462.0,6.088,6.178,5.9718,5.73986666667,6.57982583292,6.178,5.77617416708,0.0865893525271,0.0880181381957,-0.00142878566855,56.4805911034,63.8554216867,55.8291991495
539,2012-09-26,6.1,6.32,6.1,6.25,39900,6.25,65124.0,6.07433333333,6.1585,5.9672,5.73733333333,6.5590134205,6.1585,5.7579865795,0.0778186964481,0.0883753346128,-0.0105566381647,53.7721202679,58.4337349398,49.314537562
540,2012-09-25,6.44,6.57,6.06,6.1,89900,6.1,67422.0,6.05666666667,6.131,5.9658,5.73433333333,6.57569765009,6.131,5.68630234991,0.077710423468,0.091014494154,-0.013304070686,50.1726883682,52.1084337349,43.1147719219
541,2012-09-24,6.13,6.4,6.04,6.4,134000,6.4,68480.0,6.04466666667,6.109,5.9632,5.73106666667,6.59889386606,6.109,5.61910613394,0.0917146216139,0.0943405118255,-0.00262589021158,58.6542263122,48.9192062367,41.1303049766
542,2012-09-21,6.13,6.25,6.07,6.19,220400,6.19,67806.0,6.02866666667,6.0785,5.9522,5.72733333333,6.56808247518,6.0785,5.58891752482,0.0777095854784,0.0949969843784,-0.0172873988999,53.5503117296,37.7967753366,43.8034390235
543,2012-09-20,6.06,6.07,5.75,6.04,85800,6.04,64402.0,6.02133333333,6.058,5.943,5.72666666667,6.56133289183,6.058,5.55466710817,0.0800855635677,0.0993188341034,-0.0192332705357,49.4080142841,33.6346723794,52.1432102071
544,2012-09-19,6.14,6.14,6.02,6.1,60600,6.1,64360.0,6.018,6.0455,5.9372,5.72726666667,6.56223881217,6.0455,5.52876118783,0.0972260219497,0.104127151737,-0.00690112978764,51.1006367344,44.1705659537,63.7902535416
545,2012-09-18,6.05,6.16,6.01,6.13,47000,6.13,64226.0,6.005,6.041,5.9274,5.72633333333,6.55732935225,6.041,5.52467064775,0.111580192147,0.105852434184,0.00572775796284,51.926555885,59.6117424242,72.3277204123
546,2012-09-17,6.35,6.35,6.01,6.09,89100,6.09,64644.0,5.99533333333,6.0445,5.9184,5.7256,6.56413352471,6.0445,5.52486647529,0.12522380295,0.104420494693,0.0208033082561,50.9449226757,71.1558600713,76.6353111221
547,2012-09-14,6.54,6.58,6.35,6.36,107600,6.36,63618.0,5.98833333333,6.0505,5.9108,5.72673333333,6.57484625964,6.0505,5.52615374036,0.144889301786,0.0992196676295,0.045669634156,58.4221509018,80.2228457172,78.3125542382
548,2012-09-13,6.32,6.58,6.23,6.49,71500,6.49,63454.0,5.959,6.0305,5.9,5.7236,6.53628552767,6.0305,5.52471447233,0.140391239547,0.0878022590905,0.0525889804561,62.5250282137,78.3204334365,76.9477818041
549,2012-09-12,6.28,6.44,6.14,6.32,36700,6.32,63352.0,5.92266666667,6.004,5.885,5.71993333333,6.46419126458,6.004,5.54380873542,0.119371658441,0.0746550139764,0.0447166444644,59.0313444976,76.8421052632,74.5106248241
550,2012-09-11,6.22,6.25,6.13,6.25,20300,6.25,64982.0,5.903,5.974,5.8682,5.72173333333,6.42603539684,5.974,5.52196460316,0.108115805343,0.0634758528603,0.0446399524828,57.5170101241,77.8648325359,70.1288084014
551,2012-09-10,6.34,6.38,6.18,6.22,45500,6.22,68126.0,5.889,5.9485,5.8498,5.72893333333,6.39285458814,5.9485,5.50414541186,0.099303922948,0.0523158647397,0.0469880582083,56.8827614934,74.7637559809,60.3826871658
552,2012-09-07,6.33,6.51,6.29,6.37,46200,6.37,68528.0,5.88433333333,5.9335,5.8332,5.7372,6.36008059028,5.9335,5.50691940972,0.089666881448,0.0405688501876,0.0490980312604,61.119268542,68.5718055165,50.6596787163
553,2012-09-06,6.08,6.31,5.9,6.3,140900,6.3,69134.0,5.859,5.9135,5.818,5.74613333333,6.29103278003,5.9135,5.53596721997,0.0607895392943,0.0282943423725,0.0324951969218,59.8225931722,59.3148395722,40.5941546936
554,2012-09-05,6.06,6.44,5.98,6.09,104600,6.09,67164.0,5.832,5.8955,5.802,5.75386666667,6.22941465976,5.8955,5.56158534024,0.030174611101,0.020170543142,0.010004067959,55.7076678891,38.8803475936,30.2911292377
555,2012-09-04,5.92,6.1,5.81,5.94,45100,5.94,66444.0,5.81566666667,5.8765,5.7896,5.76293333333,6.2072128664,5.8765,5.5457871336,0.0120417447729,0.0176695261523,-0.00562778137937,52.4795620396,35.8717221828,26.4157173356
556,2012-08-31,5.65,6.03,5.62,5.97,96200,5.97,67990.0,5.815,5.8715,5.7848,5.77233333333,6.20124383997,5.8715,5.54175616003,0.00399518819015,0.0190764714971,-0.015081283307,53.1996294217,28.3097094259,21.6693024823
557,2012-08-30,5.92,5.95,5.56,5.58,76300,5.58,68166.0,5.815,5.867,5.7774,5.78106666667,6.19368639396,5.867,5.54031360604,-0.00938780131279,0.0228467923239,-0.0322345936367,43.9092653467,18.1027377484,19.3758257431
558,2012-08-29,5.69,5.98,5.65,5.98,32900,5.98,67830.0,5.83433333333,5.862,5.7782,5.793,6.20856024007,5.862,5.51543975993,0.0133762782862,0.030905440733,-0.0175291624468,54.1459731281,23.3786999851,22.3347092072
559,2012-08-28,5.68,5.7,5.58,5.7,38000,5.7,70074.0,5.83966666667,5.833,5.7716,5.80206666667,6.2287827687,5.833,5.4372172313,0.00150968492654,0.0352877313447,-0.0337780464182,45.9563889447,16.8860627696,28.1903709113
560,2012-08-27,5.83,5.83,5.6,5.66,31400,5.66,71218.0,5.85566666667,5.8345,5.7674,5.81293333333,6.2284784258,5.8345,5.4405215742,0.0148507285304,0.0437322429493,-0.0288815144189,44.6449165398,19.1358024691,40.1456876457
561,2012-08-24,5.75,5.88,5.68,5.79,31200,5.79,74838.0,5.866,5.843,5.7662,5.825,6.22880305857,5.843,5.45719694143,0.0357354681334,0.050952621554,-0.0152171534206,48.1728099441,29.9382716049,55.4646769353
562,2012-08-23,5.76,5.86,5.76,5.78,28400,5.78,75280.0,5.868,5.8575,5.7588,5.835,6.25584030677,5.8575,5.45915969323,0.0486358380538,0.0547569099092,-0.00612107185533,47.8786176256,46.8013468013,70.5618298051
563,2012-08-22,5.98,5.98,5.73,5.79,31500,5.79,76728.0,5.86633333333,5.849,5.7508,5.8458,6.26062604388,5.849,5.43737395612,0.0654121525624,0.056287177873,0.00912497468942,48.1323207318,64.7073297073,79.3204234718
564,2012-08-21,6.25,6.41,6.01,6.01,37200,6.01,77820.0,5.865,5.834,5.7438,5.85693333333,6.27401818144,5.834,5.39398181856,0.0848551990434,0.0540059342006,0.0308492648427,53.975041995,80.4117596274,81.4697756855
565,2012-08-20,6.2,6.26,6.02,6.2,50300,6.2,79188.0,5.85166666667,5.8135,5.7332,5.86646666667,6.25699859075,5.8135,5.37000140925,0.0860373391112,0.04629361799,0.0397437211212,59.7960337062,90.3268830842,78.9502538003
566,2012-08-17,5.94,6.25,5.87,6.21,56200,6.21,80154.0,5.83433333333,5.7995,5.723,5.87193333333,6.20974261115,5.7995,5.38925738885,0.0669492729561,0.0363576877097,0.0305915852464,60.1128687139,81.8357214681,73.3400777447
567,2012-08-16,5.95,5.99,5.79,5.96,47300,5.96,82318.0,5.81766666667,5.7875,5.7116,5.87893333333,6.16144518315,5.7875,5.41355481685,0.0405939700024,0.028709791398,0.0118841786044,54.5185029107,73.3047385621,71.0954935836
568,2012-08-15,5.68,6.0,5.68,5.96,33700,5.96,85742.0,5.813,5.7975,5.7078,5.88893333333,6.19904078249,5.7975,5.39595921751,0.031819107396,0.025738746747,0.00608036064908,54.5185029107,70.3336720867,70.299796748
569,2012-08-14,5.79,5.85,5.62,5.72,65600,5.72,87288.0,5.80566666667,5.8065,5.7022,5.89733333333,6.22969144604,5.8065,5.38330855396,0.0201563684709,0.0242186565847,-0.0040622881138,48.5447132487,67.8861788618,69.6371104336
570,2012-08-13,5.9,5.99,5.6,5.74,34000,5.74,88012.0,5.79766666667,5.8295,5.7014,5.9072,6.2804756091,5.8295,5.3785243909,0.0294136527014,0.0252342286131,0.00417942408825,49.0431703445,72.8573848238,68.9003218157
571,2012-08-10,5.96,6.01,5.88,5.92,23900,5.92,89978.0,5.784,5.841,5.6996,5.91633333333,6.29398565099,5.841,5.38801434901,0.0387651150799,0.0241893725911,0.0145757424889,53.646650556,70.1219512195,63.399022921
572,2012-08-09,5.9,6.03,5.86,5.97,44600,5.97,92190.0,5.76633333333,5.8375,5.6962,5.9246,6.28906948524,5.8375,5.38593051476,0.0318098526601,0.0205454369689,0.0112644156912,54.9777406387,67.6829268293,55.8376799882
573,2012-08-08,5.7,5.95,5.64,5.94,71900,5.94,92958.0,5.75433333333,5.8255,5.692,5.93286666667,6.27509870996,5.8255,5.37590129004,0.0173788107692,0.017729333046,-0.000350522276837,54.3466318521,64.9390243902,47.1638747371
574,2012-08-07,5.9,5.9,5.7,5.71,45600,5.71,92542.0,5.73966666667,5.816,5.6888,5.9412,6.2635444112,5.816,5.3684555888,0.00176131641728,0.0178169636153,-0.016055647198,49.2857157267,50.8521892448,37.5738798394
575,2012-08-06,5.88,6.01,5.74,5.84,69400,5.84,93340.0,5.73166666667,5.811,5.688,5.95126666667,6.26535228623,5.811,5.35664771377,0.00522027720565,0.0218308754148,-0.0166105982091,52.3303921047,39.8765794887,34.5622079399
576,2012-08-03,5.52,5.95,5.52,5.88,75500,5.88,92812.0,5.727,5.803,5.6862,5.95813333333,6.26065052169,5.803,5.34534947831,-0.00367712596564,0.025983524967,-0.0296606509327,53.270634645,32.9877058247,35.328846145
577,2012-08-02,5.45,5.52,5.31,5.48,106900,5.48,92782.0,5.71766666667,5.7945,5.6842,5.96446666667,6.2524290338,5.7945,5.3365709662,-0.0190526896357,0.0333986877002,-0.0524513773359,43.9130685221,26.5790447993,35.7040913836
578,2012-08-01,5.76,5.81,5.36,5.4,124300,5.4,92284.0,5.72233333333,5.8115,5.6866,5.97326666667,6.2461159224,5.8115,5.3768840776,0.00232690276563,0.0465115320342,-0.0441846292685,41.7466661667,38.8055016471,35.2440329886
579,2012-07-31,5.79,5.79,5.71,5.73,32200,5.73,91558.0,5.73066666667,5.8285,5.694,5.98406666667,6.22206193922,5.8285,5.43493806078,0.037726645754,0.0575576893513,-0.0198310435973,48.9955932047,42.9431323091,30.3735802332
580,2012-07-30,6.03,6.13,5.8,5.83,52000,5.83,92666.0,5.72266666667,5.816,5.693,5.99386666667,6.23625706419,5.816,5.39574293581,0.04876083923,0.0625154502506,-0.0137546110207,51.5124926912,34.4886867791,26.4675022798
581,2012-07-27,5.64,6.08,5.63,6.08,78800,6.08,93284.0,5.715,5.791,5.6884,6.00346666667,6.26144234503,5.791,5.32055765497,0.0519534157869,0.0659541030058,-0.0140006872189,58.4871821401,24.7388112191,29.158731361
582,2012-07-26,5.61,5.64,5.4,5.61,47200,5.61,93050.0,5.693,5.7565,5.6788,6.01133333333,6.23817520177,5.7565,5.27482479823,0.0298180729081,0.0694542748105,-0.0396362019025,45.6377901587,19.3236906254,38.528005829
583,2012-07-25,5.66,5.7,5.46,5.49,56900,5.49,93446.0,5.68533333333,5.7565,5.6792,6.0226,6.23817520177,5.7565,5.27482479823,0.0489861542095,0.0793633252862,-0.0303771710766,41.3325617915,27.3188204955,51.1740198784
584,2012-07-24,5.97,5.97,5.56,5.6,96500,5.6,94160.0,5.68366666667,5.757,5.682,6.033,6.2375871409,5.757,5.2764128591,0.0849572521004,0.0869576180553,-0.00200036595493,44.3201967018,45.2536031042,64.2644332785
585,2012-07-23,5.83,5.96,5.83,5.92,43200,5.92,94770.0,5.67966666667,5.7505,5.6822,6.0432,6.24277939222,5.7505,5.25822060778,0.11843371156,0.087457709544,0.0309760020155,55.0737644147,62.2159090909,74.1451894879
586,2012-07-20,6.1,6.14,5.93,5.97,106400,5.97,95342.0,5.672,5.7395,5.6764,6.05213333333,6.22593499052,5.7395,5.25306500948,0.126857356738,0.0797137090402,0.0471436476974,57.083298121,69.9077468231,80.0476069629
587,2012-07-19,6.17,6.18,6.1,6.16,43500,6.16,95114.0,5.661,5.721,5.669,6.0586,6.19903347163,5.721,5.24296652837,0.130672884121,0.0679277971158,0.0627450870055,65.5188992951,79.6804740958,84.1211510264
588,2012-07-18,6.16,6.29,6.07,6.14,62100,6.14,95790.0,5.648,5.694,5.6562,6.06426666667,6.12885169886,5.694,5.25914830114,0.114296733486,0.0522415253644,0.0620552081212,65.0135418464,84.776627942,83.800908433
589,2012-07-17,6.06,6.38,6.04,6.18,154800,6.18,97708.0,5.63266666667,5.6695,5.643,6.07026666667,6.05329551847,5.6695,5.28570448153,0.0937686760054,0.0367277233341,0.0570409526713,66.8326199631,85.8255789909,80.781379239
590,2012-07-16,5.85,6.03,5.78,5.97,142800,5.97,97270.0,5.616,5.635,5.6222,6.0758,5.94622339244,5.635,5.32377660756,0.0621307746252,0.0224674851663,0.0396632894588,61.5939395625,86.2019230769,77.5306296526
591,2012-07-13,5.78,5.87,5.73,5.85,100300,5.85,95994.0,5.60533333333,5.6165,5.6062,6.0808,5.88722310577,5.6165,5.34577689423,0.0422274055962,0.0125516628016,0.0296757427946,58.0807506628,78.3995037221,75.1333746898
592,2012-07-12,5.72,5.77,5.7,5.73,50200,5.73,95368.0,5.602,5.595,5.5984,6.09,5.85626614783,5.595,5.33373385217,0.0284274341359,0.00513272710297,0.023294707033,54.1895696986,72.6985111663,76.4481846676
593,2012-07-11,5.59,5.88,5.59,5.75,83700,5.75,96752.0,5.603,5.5775,5.596,6.09653333333,5.84700881247,5.5775,5.30799118753,0.0226183442484,-0.000690949655272,0.0233092939036,54.9793966838,72.8225806452,77.6000656693
594,2012-07-10,5.72,5.72,5.5,5.61,53900,5.61,96018.0,5.604,5.562,5.5938,6.1014,5.82563611285,5.562,5.29836388715,0.012838475421,-0.00651827313118,0.0193567485522,50.2678097549,76.6129032258,74.8626117808
595,2012-07-09,5.69,5.79,5.6,5.68,67900,5.68,97514.0,5.606,5.5555,5.5994,6.10706666667,5.820488679,5.5555,5.290511321,0.0144236104752,-0.0113574602692,0.0257810707444,52.8350302983,83.6587436333,65.8397526995
596,2012-07-06,5.77,5.81,5.65,5.71,37800,5.71,97464.0,5.60833333333,5.556,5.5986,6.11006666667,5.82196240336,5.556,5.29003759664,0.00910974851928,-0.0178027279553,0.0269124764746,53.9311331132,77.3060351731,53.3094820993
597,2012-07-05,5.72,5.85,5.71,5.82,99400,5.82,98362.0,5.61066666667,5.5525,5.596,6.1148,5.81202841848,5.5525,5.29297158152,-0.000859722537465,-0.024530847074,0.0236711245365,58.0300491042,61.8727650909,41.7058607724
598,2012-07-03,5.45,5.8,5.45,5.74,66400,5.74,98724.0,5.60333333333,5.55,5.5906,6.1158,5.7999599968,5.55,5.3000400032,-0.024771887813,-0.0304486282081,0.00567674039514,55.7593279474,40.5214669005,34.9146886188
599,2012-07-02,5.37,5.49,5.23,5.48,118200,5.48,100242.0,5.60433333333,5.547,5.584,6.1148,5.78908263052,5.547,5.30491736948,-0.0467867331237,-0.0318678133069,-0.0149189198168,47.1262862532,33.5376612325,37.742889263
600,2012-06-29,5.53,5.55,5.25,5.33,177500,5.33,99834.0,5.611,5.557,5.5896,6.11393333333,5.80366576576,5.557,5.31033423424,-0.0477324195658,-0.0281380833527,-0.0195943362131,40.953686161,30.8915498657,42.0034961737
601,2012-06-28,5.53,5.65,5.35,5.39,65600,5.39,98266.0,5.62,5.573,5.5946,6.1134,5.79937137628,5.573,5.34662862372,-0.03297244234,-0.0232394992994,-0.00973294304061,42.8099886463,34.7080764764,48.0044301757
602,2012-06-27,5.51,5.68,5.48,5.61,76500,5.61,98400.0,5.627,5.591,5.6,6.11406666667,5.81352190903,5.591,5.36847809097,-0.0197628358833,-0.0208062635393,0.001043427656,50.6224026373,51.8342694774,54.8426702539
603,2012-06-26,5.5,5.55,5.41,5.5,42400,5.5,98962.0,5.62766666667,5.5985,5.603,6.113,5.83287363333,5.5985,5.36412636667,-0.0250151151201,-0.0210671204533,-0.00394799466688,46.0514671044,50.5800888754,54.3109423494
604,2012-06-25,5.6,5.6,5.41,5.47,68600,5.47,100162.0,5.632,5.6125,5.6074,6.11306666667,5.85497680301,5.6125,5.37002319699,-0.0201550771262,-0.0200801217865,-7.49553396564e-05,44.7563733473,54.8952858735,53.6851508998
605,2012-06-22,5.68,5.75,5.6,5.7,122400,5.7,100600.0,5.63666666667,5.6225,5.614,6.11113333333,5.85701012771,5.6225,5.38798987229,-0.0106041911466,-0.0200613829516,0.00945719180499,53.9819119792,62.0610367893,49.5767140468
606,2012-06-21,5.64,5.7,5.58,5.6,105000,5.6,99522.0,5.63433333333,5.625,5.6166,6.10866666667,5.86378860944,5.625,5.38621139056,-0.0216777266251,-0.0224256809029,0.000747954277733,49.8046909368,49.7073578595,40.4316471572
607,2012-06-20,5.63,5.66,5.59,5.62,59500,5.62,99574.0,5.63433333333,5.634,5.6158,6.1078,5.88174180107,5.634,5.38625819893,-0.0253144540668,-0.0226126694723,-0.00270178459449,50.6586915194,48.0769230769,33.7740384615
608,2012-06-19,5.52,5.76,5.5,5.65,145100,5.65,100976.0,5.631,5.633,5.6142,6.10506666667,5.88112093825,5.633,5.38487906175,-0.0316243941241,-0.0219372233237,-0.00968717080039,51.8981920647,38.4615384615,24.3990384615
609,2012-06-18,5.56,5.59,5.41,5.49,95200,5.49,102346.0,5.62533333333,5.639,5.6144,6.10326666667,5.89417836899,5.639,5.38382163101,-0.0422727264281,-0.0195154306236,-0.0227572958045,45.2658802407,25.4807692308,19.1746794872
610,2012-06-15,5.4,5.64,5.37,5.6,212400,5.6,101608.0,5.61366666667,5.6485,5.6198,6.10226666667,5.89477423739,5.6485,5.40222576261,-0.0389580854572,-0.0138261066725,-0.0251319787848,49.6348415181,23.0769230769,18.3814102564
611,2012-06-14,5.37,5.48,5.37,5.42,53300,5.42,98982.0,5.59933333333,5.6485,5.6214,6.1006,5.89477423739,5.6485,5.40222576261,-0.0453607351932,-0.00754311197627,-0.0378176232169,40.9790086578,10.5769230769,21.9290399523
612,2012-06-13,5.41,5.57,5.35,5.38,100800,5.38,99268.0,5.60066666667,5.6575,5.628,6.10106666667,5.88189919786,5.6575,5.43310080214,-0.0345457792533,0.00191129382795,-0.0364570730813,38.8089609199,17.5641025641,32.2353905784
613,2012-06-12,5.51,5.57,5.34,5.44,86100,5.44,99780.0,5.60833333333,5.67,5.6392,6.10226666667,5.85568791021,5.67,5.48431208979,-0.0161667514283,0.0110255620983,-0.0271923135265,40.9037102844,22.3076923077,41.5588352216
614,2012-06-11,5.75,5.8,5.48,5.48,105600,5.48,99650.0,5.615,5.6795,5.6448,6.10353333333,5.83396358794,5.6795,5.52503641206,0.00141763319833,0.0178236404799,-0.0164060072816,42.3176997125,37.2674418605,51.0852713178
615,2012-06-08,5.6,5.75,5.6,5.69,98600,5.69,98322.0,5.62866666667,5.686,5.6506,6.105,5.81521300244,5.686,5.55678699756,0.0197683549116,0.0219251423003,-0.00215678738872,50.8945862965,51.8023255814,56.3743540052
616,2012-06-07,5.86,5.86,5.62,5.64,164400,5.64,97644.0,5.627,5.683,5.654,6.10486666667,5.81446862744,5.683,5.55153137256,0.0215211909178,0.0224643391475,-0.000943148229717,48.5909538496,54.857881137,58.9793281654
617,2012-06-06,5.72,5.82,5.72,5.77,218500,5.77,95602.0,5.625,5.681,5.6578,6.10146666667,5.81618875693,5.681,5.54581124307,0.0285363206432,0.0227001262049,0.00583619443831,54.7972297912,60.4134366925,62.2093023256
618,2012-06-05,5.62,5.74,5.62,5.68,111000,5.68,94002.0,5.61766666667,5.6685,5.661,6.09973333333,5.8142772273,5.6685,5.5227227727,0.023838739738,0.0212410775953,0.00259766214265,50.7536686596,58.4237726098,64.3281653747
619,2012-06-04,5.71,5.72,5.56,5.68,101800,5.68,95376.0,5.60866666667,5.6585,5.665,6.0998,5.82562570119,5.6585,5.49137429881,0.02665980935,0.0205916620597,0.00606814729036,50.7536686596,62.2222222222,66.9444444444
620,2012-06-01,5.61,5.81,5.61,5.65,132300,5.65,95808.0,5.61133333333,5.6315,5.6652,6.10066666667,5.91201916156,5.6315,5.35098083844,0.0298727409734,0.0190746252371,0.0107981157363,49.4541152173,67.7777777778,68.8888888889
621,2012-05-31,5.75,5.82,5.69,5.75,134500,5.75,95380.0,5.609,5.6075,5.6688,6.09646666667,5.95234054286,5.6075,5.26265945714,0.0365936429221,0.016375096303,0.0202185466192,53.8527974743,68.8888888889,67.7631578947
622,2012-05-30,5.73,5.86,5.73,5.76,83000,5.76,96298.0,5.606,5.593,5.6714,6.09093333333,5.93704069527,5.593,5.24895930473,0.0344578684215,0.0113204596482,0.0231374087733,54.301280013,68.8888888889,68.0701754386
623,2012-05-29,5.67,5.86,5.63,5.78,51100,5.78,99342.0,5.606,5.5855,5.6732,6.08773333333,5.92108754446,5.5855,5.24991245554,0.0302124563364,0.00553610745488,0.0246763488815,55.1543054915,70.0,69.5297634634
624,2012-05-25,5.74,5.74,5.61,5.67,85500,5.67,103594.0,5.604,5.5785,5.6714,6.08306666667,5.90323219736,5.5785,5.25376780264,0.0223179491829,-0.000632979765497,0.0229509289484,51.2425575873,63.2748538012,70.7012088679
625,2012-05-24,5.8,5.8,5.65,5.75,43000,5.75,103558.0,5.60833333333,5.5895,5.6692,6.0788,5.93978417035,5.5895,5.23921582965,0.0231170626097,-0.00637071200259,0.0294877746123,54.4500136493,70.1169590643,75.2248625295
626,2012-05-23,5.51,5.8,5.43,5.78,74000,5.78,108518.0,5.611,5.584,5.667,6.07353333333,5.92741811251,5.584,5.24058188749,0.0156553192002,-0.0137426556557,0.0293979748558,55.6632489949,74.727240988,78.5384850648
627,2012-05-22,5.79,5.83,5.57,5.6,82000,5.6,109644.0,5.60366666667,5.574,5.6626,6.06913333333,5.90544531977,5.574,5.24255468023,0.00284916205998,-0.0210921493696,0.0239413114296,49.3791492779,74.6857816182,79.6255485096
628,2012-05-21,5.73,5.88,5.65,5.77,88000,5.77,111834.0,5.60166666667,5.5715,5.6544,6.06526666667,5.90287742832,5.5715,5.24012257168,0.00478967913474,-0.027077477227,0.0318671563617,56.3881993461,81.3694684472,79.961736701
629,2012-05-18,5.59,5.73,5.59,5.68,87600,5.68,112292.0,5.598,5.5535,5.6418,6.062,5.87884750652,5.5535,5.22815249348,-0.0101122744045,-0.0350442663174,0.0249319919129,53.1167340218,83.3714492056,77.9683300873
630,2012-05-17,5.59,5.65,5.57,5.6,82900,5.6,113272.0,5.60066666667,5.5575,5.6286,6.0588,5.89083916662,5.5575,5.22416083338,-0.0198218620215,-0.0412772642957,0.0214554022742,50.0223293505,79.0754947673,73.8934880794
631,2012-05-16,5.66,5.75,5.6,5.6,67100,5.6,114074.0,5.60333333333,5.5565,5.6166,6.05566666667,5.88944293805,5.5565,5.22355706195,-0.0237810540414,-0.0466411148642,0.0228600608228,50.0223293505,76.030534384,69.7232669019
632,2012-05-15,5.62,5.69,5.61,5.63,67000,5.63,117056.0,5.60833333333,5.5595,5.6022,6.053,5.8950279422,5.5595,5.2239720578,-0.0284885165243,-0.0523561300699,0.0238676135456,51.1131511471,73.3958419923,65.2735601351
633,2012-05-14,5.5,5.65,5.5,5.63,92600,5.63,117266.0,5.61866666667,5.566,5.5924,6.04813333333,5.91162407324,5.566,5.22037592676,-0.0371371174895,-0.0583230334563,0.0211859159668,51.1131511471,67.072081174,57.4507097059
634,2012-05-11,5.55,5.64,5.55,5.61,127000,5.61,118746.0,5.62166666667,5.5705,5.5844,6.041,5.92163957339,5.5705,5.21936042661,-0.0476357010125,-0.063619512448,0.0159838114356,50.4925684451,62.3946100572,47.4120515137
635,2012-05-10,5.65,5.65,5.53,5.63,71800,5.63,118566.0,5.627,5.58,5.5812,6.03593333333,5.94491094804,5.58,5.21508905196,-0.0583064646943,-0.0676154653069,0.00930900061261,51.094850707,58.2317073171,36.8557692308
636,2012-05-09,5.46,5.66,5.31,5.6,95000,5.6,119432.0,5.63466666667,5.59,5.5804,6.02826666667,5.97047338935,5.59,5.20952661065,-0.0731145090345,-0.0699427154601,-0.00317179357444,50.2686038175,42.1044402752,27.5205988118
637,2012-05-08,5.44,5.7,5.33,5.52,77300,5.52,118624.0,5.64233333333,5.588,5.584,6.02273333333,5.96866258025,5.588,5.20733741975,-0.0878969291337,-0.0691497670665,-0.0187471620672,48.0972548537,26.9174484053,25.377301243
638,2012-05-07,5.11,5.51,5.08,5.48,158000,5.48,118336.0,5.656,5.589,5.5916,6.01406666667,5.96904736547,5.589,5.20895263453,-0.0973407172729,-0.0644629765497,-0.0328777407232,47.0233424748,20.1694809256,32.625803725
639,2012-05-04,5.12,5.29,5.12,5.14,132900,5.14,117764.0,5.66933333333,5.598,5.6018,6.0088,5.97581476943,5.598,5.22018523057,-0.103905832792,-0.0562435413689,-0.0476622914231,36.6830521029,20.891025641,43.2149439103
640,2012-05-03,5.44,5.46,5.15,5.17,79000,5.17,116398.0,5.68766666667,5.629,5.615,6.00773333333,5.94868109109,5.629,5.30931890891,-0.0761557681231,-0.0443279685131,-0.03182779961,37.2792256723,33.53125,53.12890625
641,2012-05-02,5.55,5.59,5.41,5.46,69000,5.46,117230.0,5.70966666667,5.6545,5.6238,6.00573333333,5.89528828875,5.6545,5.41371171125,-0.0426834198638,-0.0363710186106,-0.00631240125323,43.6464172198,55.9114583333,59.00390625
642,2012-05-01,5.64,5.84,5.54,5.61,119400,5.61,117490.0,5.72366666667,5.669,5.6314,6.0032,5.89570685918,5.669,5.44229314082,-0.0288669547059,-0.0347929182973,0.00592596359143,47.5468359335,62.5260416667,54.5963541667
643,2012-04-30,5.89,5.89,5.64,5.64,47000,5.64,117612.0,5.73166666667,5.6855,5.641,5.99946666667,5.93907247485,5.6855,5.43192752515,-0.0260849652903,-0.0362744091951,0.0101894439048,48.3492484072,60.546875,48.8485646802
644,2012-04-27,5.63,5.9,5.59,5.89,128700,5.89,119004.0,5.73333333333,5.6895,5.6508,5.99553333333,5.94259879494,5.6895,5.43640120506,-0.0252092629412,-0.0388217701713,0.0136125072302,55.611566149,57.03125,41.8786337209
645,2012-04-26,5.56,5.65,5.54,5.64,65400,5.64,118836.0,5.72233333333,5.6835,5.6522,5.9886,5.92260457963,5.6835,5.44439542037,-0.0491794135728,-0.0422248969789,-0.00695451659388,48.41694567,38.28125,35.5264353198
646,2012-04-25,5.65,5.75,5.46,5.58,82700,5.58,121394.0,5.72233333333,5.6945,5.6598,5.98386666667,5.94457798784,5.6945,5.44442201216,-0.0536041598179,-0.0404862678304,-0.0131178919874,46.483867825,39.5348837209,36.4212390988
647,2012-04-24,5.38,5.64,5.34,5.55,117500,5.55,122988.0,5.72166666667,5.707,5.6734,5.98313333333,5.957926284,5.707,5.456073716,-0.052362957246,-0.0372067948336,-0.0151561624125,45.536245715,32.6671511628,36.4212390988
648,2012-04-23,5.62,5.66,5.3,5.41,142300,5.41,125292.0,5.70966666667,5.726,5.6802,5.9844,5.98394573073,5.726,5.46805426927,-0.046962542949,-0.0334177542304,-0.0135447887185,41.0098551185,31.6224563953,41.335846657
649,2012-04-20,5.67,5.82,5.62,5.76,97800,5.76,130902.0,5.70066666667,5.7495,5.6908,5.98773333333,5.97108294158,5.7495,5.52791705842,-0.0251320135306,-0.0300315570508,0.00489954352023,50.8132571369,41.8604651163,48.9825581395
650,2012-04-19,5.68,5.68,5.51,5.58,99100,5.58,134276.0,5.676,5.746,5.7074,5.98766666667,5.96901569451,5.746,5.52298430549,-0.0325391266943,-0.0312564429309,-0.0012826837634,44.4745540355,39.5348837209,51.1627906977
651,2012-04-18,5.73,5.75,5.63,5.66,72300,5.66,135778.0,5.65666666667,5.7585,5.7424,5.98746666667,5.97065796002,5.7585,5.54634203998,-0.0231927274713,-0.03093577199,0.00774304451873,46.9727781188,52.3255813953,51.3081395349
652,2012-04-17,5.79,5.94,5.7,5.76,104600,5.76,137800.0,5.63066666667,5.7695,5.7784,5.9862,5.98289868791,5.7695,5.55610131209,-0.0190714291544,-0.0328715331197,0.0138001039653,50.2489938282,62.2093023256,45.0823643411
653,2012-04-16,5.8,5.91,5.68,5.72,102400,5.72,139530.0,5.61,5.774,5.8174,5.983,5.99018510587,5.774,5.55781489413,-0.023715569424,-0.036321559111,0.012605989687,48.9258636299,50.5813953488,34.6061177457
654,2012-04-13,5.79,5.81,5.7,5.8,90500,5.8,140660.0,5.59366666667,5.7725,5.8522,5.97986666667,5.99057108933,5.7725,5.55442891067,-0.0252255001765,-0.0394730565328,0.0142475563563,51.4679043967,40.1162790698,28.0729242212
655,2012-04-12,5.54,5.85,5.54,5.83,68500,5.83,141882.0,5.582,5.7605,5.8852,5.975,5.99684508668,5.7605,5.52415491332,-0.0349312590617,-0.0430349456219,0.0081036865602,52.4162275546,27.4224806202,26.6045786395
656,2012-04-11,5.63,5.63,5.51,5.56,107600,5.56,143948.0,5.574,5.751,5.9156,5.9692,5.99065808979,5.751,5.51134191021,-0.0498657911797,-0.0450608672619,-0.00480492391775,43.7554203275,20.3043159439,33.197503183
657,2012-04-10,5.62,5.71,5.51,5.54,129600,5.54,143456.0,5.58133333333,5.751,5.95,5.964,5.99065808979,5.751,5.51134191021,-0.0407114552113,-0.0438596362825,0.00314818107117,43.0423487563,24.4486212509,41.1021934278
658,2012-04-09,5.6,5.85,5.6,5.66,213600,5.66,142876.0,5.59333333333,5.7335,5.9866,5.95206666667,6.06554066016,5.7335,5.40145933984,-0.0263986634086,-0.0446466815503,0.0182480181417,46.3137106606,34.2428967429,49.6306058806
659,2012-04-05,5.63,5.8,5.63,5.76,58300,5.76,140512.0,5.60433333333,5.7075,6.0202,5.9412,6.12811264841,5.7075,5.28688735159,-0.0199645376763,-0.0492086860857,0.0292441484094,49.2077201056,53.7941787942,57.6869451869
660,2012-04-04,5.68,5.73,5.61,5.68,81100,5.68,142742.0,5.60566666667,5.6705,6.0516,5.9316,6.18568831508,5.6705,5.15531168492,-0.0216436784664,-0.056519723188,0.0348760447217,46.7352230542,51.9230769231,59.3704212454
661,2012-04-03,5.89,5.89,5.62,5.75,67600,5.75,143534.0,5.60333333333,5.6365,6.0874,5.92313333333,6.22869169194,5.6365,5.04430830806,-0.0153266010243,-0.0652387343684,0.0499121333441,48.6597837826,58.5622710623,65.1074099512
662,2012-04-02,5.75,5.94,5.75,5.94,126400,5.94,143318.0,5.60633333333,5.593,6.1182,5.915,6.26753984315,5.593,4.91846015685,-0.014168053438,-0.0777167677045,0.0635487142665,54.295107584,66.4682539683,71.4564255189
663,2012-03-30,5.83,5.83,5.65,5.72,79600,5.72,142924.0,5.61133333333,5.553,6.1474,5.90306666667,6.23532250439,5.553,4.87067749561,-0.0318286991959,-0.0936039462711,0.0617752470752,47.7945785369,60.5280830281,75.4600217491
664,2012-03-29,5.79,5.86,5.62,5.77,39200,5.77,146788.0,5.625,5.5285,6.1822,5.89206666667,6.22020152523,5.5285,4.83679847477,-0.0315071423386,-0.10904775804,0.0775406157013,49.2735595178,74.871031746,81.9497608243
665,2012-03-28,5.81,5.91,5.7,5.86,64700,5.86,147546.0,5.63133333333,5.5125,6.2156,5.88253333333,6.1958703242,5.5125,4.8291296758,-0.0357293422431,-0.128432911965,0.0927035697221,51.9610679997,83.9583333333,84.679396778
666,2012-03-27,5.93,5.94,5.81,5.83,62300,5.83,149162.0,5.63666666667,5.499,6.2388,5.87233333333,6.16481979544,5.499,4.83318020456,-0.0497623415068,-0.151608804396,0.101846462889,51.1361367249,82.4826388889,85.2541663992
667,2012-03-26,5.96,5.96,5.79,5.93,138500,5.93,149770.0,5.651,5.4965,6.2674,5.86093333333,6.15768908037,5.4965,4.83531091963,-0.0638951901451,-0.177070420118,0.113175229973,54.006693047,86.4870393289,86.6398826578
668,2012-03-23,5.69,5.91,5.59,5.88,179700,5.88,149256.0,5.64966666667,5.495,6.298,5.84886666667,6.15237356199,5.495,4.83762643801,-0.0911862778231,-0.205364227611,0.114177949788,52.7758937887,85.7895755608,85.80044548
669,2012-03-22,5.78,5.82,5.57,5.69,123400,5.69,148250.0,5.65166666667,5.5005,6.3248,5.83613333333,6.17234745292,5.5005,4.82865254708,-0.119602374782,-0.233908715058,0.114306340276,47.8517435516,86.2574118181,83.9802445723
670,2012-03-21,5.92,5.94,5.83,5.83,110900,5.83,148080.0,5.68166666667,5.506,6.355,5.827,6.18571758841,5.506,4.82628241159,-0.134786522176,-0.262485300127,0.127698777951,51.5279524747,88.0255039234,80.567266677
671,2012-03-20,5.77,5.96,5.76,5.88,180400,5.88,147648.0,5.73166666667,5.495,6.3806,5.81586666667,6.16035704701,5.495,4.82964295299,-0.166461029982,-0.294409994615,0.127948964633,52.8750864648,83.1292906178,73.8613885625
672,2012-03-19,5.68,5.93,5.58,5.85,235200,5.85,145826.0,5.78433333333,5.493,6.4062,5.80573333333,6.15394175235,5.493,4.83205824765,-0.209558877692,-0.326397235773,0.116838358082,52.1785282582,78.5087719298,65.9659237859
673,2012-03-16,5.6,5.71,5.54,5.69,263700,5.69,142488.0,5.84633333333,5.505,6.4334,5.79326666667,6.1993054083,5.505,4.8106945917,-0.258464728729,-0.355606825294,0.0971420965649,48.4014274246,72.6055002371,55.753517491
674,2012-03-15,5.66,5.7,5.51,5.56,83700,5.56,138824.0,5.90533333333,5.527,6.4634,5.7826,6.269565822,5.527,4.784434178,-0.300835982543,-0.379892349435,0.0790563668913,45.1318258337,61.2019914651,43.7660542774
675,2012-03-14,5.57,5.93,5.57,5.64,291000,5.64,140360.0,5.96833333333,5.547,6.4966,5.7728,6.3132140693,5.547,4.7807859307,-0.337304950394,-0.399656441158,0.0623514907639,46.8274095355,51.5474315115,33.0110109566
676,2012-03-13,5.24,5.57,5.24,5.56,130300,5.56,136706.0,6.02533333333,5.566,6.5212,5.76626666667,6.35887830088,5.566,4.77312169912,-0.387091815535,-0.415244313849,0.0281524983135,44.9053764168,37.6591467501,23.0530829151
677,2012-03-12,5.2,5.28,5.06,5.19,191500,5.19,136766.0,6.08266666667,5.601,6.5466,5.7564,6.44957291967,5.601,4.75242708033,-0.436862078817,-0.422282438427,-0.0145796403898,34.7808357012,24.6556473829,15.6948661007
678,2012-03-09,5.01,5.23,5.0,5.14,110900,5.14,135560.0,6.15533333333,5.636,6.5788,5.7528,6.4715213941,5.636,4.8004786059,-0.456359948259,-0.418637528329,-0.0377224199295,33.2414167837,18.1818181818,10.9086575402
679,2012-03-08,5.03,5.07,4.95,5.02,136600,5.02,135198.0,6.22866666667,5.676,6.6164,5.7518,6.48900430503,5.676,4.86299569497,-0.469517447827,-0.409206923347,-0.0603105244799,29.5347536144,11.7157193456,7.58340729599
680,2012-03-07,4.86,5.16,4.81,5.0,123000,5.0,133808.0,6.30566666667,5.7545,6.66,5.75453333333,6.60145867668,5.7545,4.90754132332,-0.467263675307,-0.394129292227,-0.07313438308,28.9240042404,8.22627949251,7.83179273027
681,2012-03-06,5.07,5.09,4.79,4.88,216200,4.88,133758.0,6.388,5.871,6.7054,5.75886666667,6.89356344546,5.871,4.84843655454,-0.455554115832,-0.375845696457,-0.0797084193747,25.3176132302,5.51081314068,11.3612405365
682,2012-03-05,5.2,5.28,5.11,5.14,77500,5.14,133320.0,6.46833333333,6.0,6.753,5.76613333333,7.13474226148,6.0,4.86525773852,-0.421764036417,-0.355918591613,-0.0658454448033,28.1959677415,4.88081720517,18.6092235954
683,2012-03-02,5.46,5.5,5.18,5.23,166600,5.23,136432.0,6.54366666667,6.1285,6.7962,5.7682,7.41632413396,6.1285,4.84067586604,-0.398973585434,-0.339457230413,-0.059516355021,29.2654183616,12.7092610827,27.0004320373
684,2012-03-01,5.65,5.66,5.4,5.45,118000,5.45,137086.0,6.618,6.24,6.8326,5.76966666667,7.58234123828,6.24,4.89765876172,-0.373245066754,-0.324578141657,-0.048666925097,32.0223251486,22.3440707175,31.4532043092
685,2012-02-29,5.79,5.9,5.58,5.59,115100,5.59,149510.0,6.68433333333,6.34,6.8662,5.7708,7.72920120933,6.34,4.95079879067,-0.357377101942,-0.312411410383,-0.0449656915586,33.9099476073,34.5027453762,31.0687731862
686,2012-02-28,5.9,5.99,5.78,5.78,54600,5.78,151284.0,6.732,6.428,6.8996,5.77306666667,7.83882387278,6.428,5.01717612722,-0.346180141735,-0.301169987494,-0.0450101542411,36.6311016984,38.4456509726,25.0645451935
687,2012-02-27,5.91,6.0,5.74,5.9,62900,5.9,154804.0,6.78133333333,6.503,6.9228,5.775,7.92747323597,6.503,5.07852676403,-0.346198855918,-0.289917448933,-0.0562814069845,38.4401670009,30.5203501705,17.7750770969
688,2012-02-24,5.82,6.0,5.8,5.99,129400,5.99,158904.0,6.83333333333,6.5765,6.945,5.77706666667,8.0204982687,6.5765,5.1325017313,-0.353405304116,-0.275847097187,-0.0775582069291,39.809364471,20.8063462257,12.7485398502
689,2012-02-23,5.65,5.83,5.56,5.8,64600,5.8,159096.0,6.87433333333,6.644,6.966,5.77813333333,8.09819943612,6.644,5.18980056388,-0.366626548121,-0.256457545455,-0.110169002666,35.2911044807,10.4858334052,10.4956712425
690,2012-02-22,5.81,5.98,5.56,5.61,120600,5.61,163160.0,6.921,6.7205,6.9902,5.77933333333,8.1498141712,6.7205,5.2911858288,-0.358823458859,-0.228915294788,-0.129908164071,30.4426822751,9.28777858642,11.3176498515
691,2012-02-21,6.09,6.09,5.76,5.84,82000,5.84,167910.0,6.971,6.8135,7.0124,5.78226666667,8.1824598241,6.8135,5.4445401759,-0.324299174618,-0.196438253771,-0.127860920847,33.2424290051,10.4142011834,11.60746952
692,2012-02-17,6.14,6.17,6.0,6.09,125500,6.09,172512.0,7.015,6.886,7.0402,5.78313333333,8.19324748996,6.886,5.57875251004,-0.298934736556,-0.164473023559,-0.134461712997,36.6438847844,11.7948717949,11.2009329818
693,2012-02-16,5.95,6.15,5.92,6.13,116600,6.13,173630.0,7.05233333333,6.9515,7.0526,5.78426666667,8.22344771905,6.9515,5.67955228095,-0.287666893989,-0.13085759531,-0.156809298679,37.2095530724,13.7737478411,9.96316182751
694,2012-02-15,6.05,6.09,5.93,5.96,120300,5.96,174826.0,7.08766666667,7.018,7.0596,5.785,8.24962656678,7.018,5.78637343322,-0.273173511018,-0.0916552706399,-0.181518240378,33.1361643529,10.4470572605,8.53723470133
695,2012-02-14,6.2,6.2,5.82,6.02,193300,6.02,176122.0,7.12966666667,7.092,7.0696,5.7864,8.23512903909,7.092,5.94887096091,-0.233392160229,-0.0462757105454,-0.187116449684,33.8559698974,8.78805503087,11.0037193719
696,2012-02-13,5.95,6.34,5.87,6.26,162400,6.26,176314.0,7.158,7.142,7.0718,5.78753333333,8.17541376031,7.142,6.10858623969,-0.185330986528,0.000503401875442,-0.185834388403,36.8273538578,6.84378717752,19.6049554625
697,2012-02-10,5.94,6.19,5.84,5.89,232700,5.89,183182.0,7.177,7.192,7.075,5.78713333333,8.14339056123,7.192,6.24060943877,-0.145728092291,0.0469619989763,-0.192690091267,27.7498111605,8.07003933641,33.9649314177
698,2012-02-09,6.63,6.72,5.93,5.94,422800,5.94,181856.0,7.20733333333,7.2705,7.0766,5.7888,8.01603269546,7.2705,6.52496730454,-0.055387989577,0.0951345217931,-0.15052251137,28.2593592038,20.3129959426,51.6148355612
699,2012-02-08,7.2,7.43,6.56,6.59,266500,6.59,176260.0,7.24333333333,7.3345,7.0696,5.79026666667,7.76566006309,7.3345,6.90333993691,0.0556335668264,0.132765149636,-0.0771315828092,36.3071322935,43.1929993933,67.5920000409
700,2012-02-07,7.38,7.45,7.17,7.33,174200,7.33,173960.0,7.26366666667,7.365,7.0448,5.78753333333,7.63875171232,7.365,7.09124828768,0.130346410573,0.152048045338,-0.0217016347651,51.9456856288,64.2836909983,75.9886380269
701,2012-02-06,7.7,7.77,7.24,7.46,173400,7.46,175978.0,7.26166666667,7.354,7.0032,5.77946666667,7.64932355138,7.354,7.05867644862,0.148465765164,0.157473454029,-0.00900768886477,55.8714236563,78.6696559106,78.5005453032
702,2012-02-03,7.58,7.76,7.53,7.71,191100,7.71,182370.0,7.255,7.339,6.9638,5.77006666667,7.64164831075,7.339,7.03635168925,0.156196784804,0.159725376245,-0.00352859144094,64.5877611015,84.2216538614,76.661000178
703,2012-02-02,7.44,7.49,7.41,7.46,158900,7.46,182026.0,7.24133333333,7.314,6.9186,5.7586,7.56874693325,7.314,7.05925306675,0.138337878457,0.160607524106,-0.0222696456487,58.588777648,76.7795513374,73.2285375324
704,2012-02-01,7.46,7.51,7.36,7.45,151600,7.45,183676.0,7.22766666667,7.3005,6.8796,5.74686666667,7.55145617147,7.3005,7.04954382853,0.138985777941,0.166174935518,-0.0271891575765,58.3265618104,74.3313201035,73.6033218292
705,2012-01-31,7.37,7.41,7.17,7.35,171800,7.35,182864.0,7.217,7.289,6.8342,5.73513333333,7.53246663016,7.289,7.04553336984,0.138809303786,0.172972224912,-0.0341629211262,55.72321349,71.3114754098,73.7704918033
706,2012-01-30,7.33,7.4,7.25,7.28,83000,7.28,195482.0,7.214,7.265,6.7938,5.72393333333,7.56722508169,7.265,6.96277491831,0.146746832354,0.181512955193,-0.0347661228395,53.8492322742,70.4918032787,75.3073770492
707,2012-01-27,7.38,7.42,7.25,7.37,100600,7.37,195502.0,7.20266666667,7.2425,6.7576,5.713,7.59903190601,7.2425,6.88596809399,0.161870778529,0.190204485903,-0.0283337073746,56.7150408309,78.2786885246,78.381147541
708,2012-01-26,7.38,7.4,7.3,7.34,95400,7.34,195322.0,7.19066666667,7.214,6.7144,5.7028,7.61371990193,7.214,6.81428009807,0.169656313049,0.197287912747,-0.0276315996975,55.990083806,75.0,79.3883717699
709,2012-01-25,7.5,7.5,7.28,7.33,169800,7.33,194918.0,7.18066666667,7.198,6.6752,5.6924,7.60186136235,7.198,6.79413863765,0.180180303466,0.204195812671,-0.0240155092052,55.7607452283,77.4590163934,78.0295516759
710,2012-01-24,7.24,7.48,7.13,7.47,120700,7.47,193918.0,7.17,7.1915,6.6354,5.6828,7.59081316031,7.1915,6.79218683969,0.192010119548,0.210199689973,-0.0181895704251,59.8126874277,82.7868852459,75.2138485816
711,2012-01-23,7.43,7.43,7.22,7.29,56800,7.29,194432.0,7.145,7.1815,6.593,5.67186666667,7.56198784475,7.1815,6.80101215525,0.190061846698,0.214747082579,-0.0246852358808,55.9950373875,82.3075854404,71.3349668627
712,2012-01-20,7.4,7.5,7.24,7.4,106700,7.4,195224.0,7.143,7.18,6.557,5.66146666667,7.55899868074,7.18,6.80100131926,0.203137878855,0.220918391549,-0.0177805126945,59.1855334487,69.5647196238,67.3380272524
713,2012-01-19,7.47,7.51,7.4,7.46,272800,7.46,195352.0,7.12,7.175,6.5202,5.65033333333,7.54478372057,7.175,6.80521627943,0.205672918024,0.225363519723,-0.019690601699,60.9443310729,66.1962040163,71.2721744667
714,2012-01-18,7.04,7.45,6.9,7.44,77100,7.44,191258.0,7.08733333333,7.1545,6.4836,5.63906666667,7.50369765177,7.1545,6.80530234823,0.199807852847,0.230286170147,-0.0304783173009,60.5817613114,67.2713583702,75.9702148719
715,2012-01-17,7.3,7.31,7.0,7.02,145500,7.02,191900.0,7.05466666667,7.139,6.4488,5.6288,7.46272210304,7.139,6.81527789696,0.191451964524,0.237905749473,-0.0464537849482,51.8687261284,66.3198269994,79.1343524925
716,2012-01-13,7.33,7.47,7.23,7.26,92700,7.26,191314.0,7.025,7.151,6.4218,5.62186666667,7.47397987553,7.151,6.82802012447,0.220765693037,0.24951919571,-0.0287535026731,58.7605716237,85.3013084808,81.4923226126
717,2012-01-12,7.25,7.49,7.12,7.46,112800,7.46,191282.0,6.997,7.135,6.3792,5.6132,7.46639100772,7.135,6.80360899228,0.230533169166,0.256707571378,-0.0261744022119,65.4945062106,84.9883656372,77.8066131835
718,2012-01-11,7.17,7.29,7.05,7.22,129400,7.22,191210.0,6.94733333333,7.1125,6.3402,5.60406666667,7.41215813855,7.1125,6.81284186145,0.21928317442,0.263251171931,-0.043967997511,60.4432413437,79.9279088526,74.3368310362
719,2012-01-10,7.25,7.26,7.11,7.2,114900,7.2,192006.0,6.893,7.1035,6.3096,5.5966,7.40050336698,7.1035,6.80649663302,0.226170880407,0.274243171309,-0.0480722909018,59.990015835,75.7517074796,68.5068552034
720,2012-01-09,7.19,7.21,7.07,7.11,89300,7.11,194246.0,6.83133333333,7.094,6.2818,5.59086666667,7.39020263334,7.094,6.79779736666,0.233708703243,0.286261244034,-0.0525525407917,57.9781615293,70.5584707646,60.1009762976
721,2012-01-06,7.18,7.26,7.03,7.16,89300,7.16,194536.0,6.76933333333,7.0745,6.24,5.58406666667,7.41234463885,7.0745,6.73665536115,0.249093943251,0.299399379232,-0.0503054359812,59.5221701319,71.1092370481,49.1219626628
722,2012-01-05,7.15,7.26,7.03,7.21,68300,7.21,195136.0,6.71366666667,7.078,6.1952,5.57733333333,7.4207302146,7.078,6.7352697854,0.260017010415,0.311975738227,-0.0519587278129,61.0313947742,56.608005521,35.2274796795
723,2012-01-04,7.16,7.24,7.07,7.19,80500,7.19,196744.0,6.655,7.053,6.1566,5.5718,7.42524185686,7.053,6.68075814314,0.265085841443,0.324965420181,-0.059879578738,60.6609062247,42.1281918565,27.1317068335
724,2012-01-03,7.05,7.24,6.95,7.22,160500,7.22,198032.0,6.599,7.0175,6.1144,5.56706666667,7.45958030945,7.0175,6.57541969055,0.269736082625,0.339935314865,-0.0701992322403,61.4749821571,26.6424162257,26.0277759318
725,2011-12-30,6.79,7.04,6.76,6.87,108300,6.87,197524.0,6.531,6.9795,6.0706,5.56226666667,7.47307775477,6.9795,6.48592224523,0.268693501987,0.357485122925,-0.0887916209388,54.9212269734,15.5313051146,32.5288046505
726,2011-12-29,6.85,6.97,6.72,6.83,133300,6.83,197808.0,6.47966666667,6.9425,6.0324,5.55906666667,7.55900223033,6.9425,6.32599776967,0.299090884488,0.37968302816,-0.0805921436717,54.0924479225,24.2249141372,44.9019738921
727,2011-12-28,7.03,7.06,6.75,6.8,131200,6.8,197688.0,6.43433333333,6.922,5.9982,5.55486666667,7.57809755372,6.922,6.26590244628,0.337611312562,0.399831064078,-0.0622197515163,53.4970271587,37.7124682497,55.3836957652
728,2011-12-27,7.17,7.2,7.01,7.02,92800,7.02,197938.0,6.38133333333,6.8805,5.9626,5.55046666667,7.65629572053,6.8805,6.10470427947,0.384921221665,0.415386001957,-0.0304647802917,58.6795779127,52.6465311005,62.3136048678
729,2011-12-23,7.3,7.3,7.13,7.2,67100,7.2,198690.0,6.32666666667,6.809,5.9278,5.5446,7.76325153917,6.809,5.85474846083,0.417307015151,0.42300219703,-0.00569518187841,63.3415276785,65.0239820809,67.3712835241
730,2011-12-22,7.29,7.3,7.21,7.27,120500,7.27,199900.0,6.26466666667,6.7165,5.8878,5.53626666667,7.84412183377,6.7165,5.58887816623,0.434245871344,0.4244259925,0.00981987884495,65.2124332353,66.1518016297,69.1835506438
731,2011-12-21,7.29,7.41,7.19,7.26,194300,7.26,200602.0,6.20066666667,6.6155,5.845,5.52926666667,7.88024463826,6.6155,5.35075536174,0.44242243512,0.421971022788,0.020451412332,65.075594317,65.43210466,71.9873955451
732,2011-12-20,7.22,7.32,7.14,7.3,233100,7.3,199274.0,6.14166666667,6.527,5.8038,5.52306666667,7.84553100077,6.527,5.20846899923,0.447441650192,0.416858169705,0.0305834804871,66.0404692819,72.8772457259,76.2659805803
733,2011-12-19,7.2,7.44,7.05,7.05,199300,7.05,197534.0,6.08366666667,6.4345,5.7558,5.51733333333,7.78237944565,6.4345,5.08662055435,0.443267024336,0.409212299583,0.0340547247527,62.8431410466,72.2730505594,77.9936821918
734,2011-12-16,7.32,7.56,7.02,7.13,739200,7.13,198956.0,6.03633333333,6.3575,5.706,5.5126,7.73163063426,6.3575,4.98336936574,0.456945708798,0.400698618395,0.0562470904031,64.6518633076,77.367181235,79.8738301798
735,2011-12-15,7.06,7.31,7.03,7.26,203800,7.26,187872.0,5.98866666667,6.26,5.6604,5.50826666667,7.67709562133,6.26,4.84290437867,0.459612746657,0.386636845795,0.0729759008622,67.5871237845,82.5464448009,81.6819958866
736,2011-12-14,6.92,7.08,6.89,6.94,230600,6.94,187198.0,5.93566666667,6.1635,5.6048,5.5026,7.55773491564,6.1635,4.76926508436,0.443095216845,0.368392870579,0.0747023462657,63.8340469299,79.7880521718,82.9460137649
737,2011-12-13,7.11,7.26,6.84,7.01,267900,7.01,186386.0,5.87533333333,6.09,5.5614,5.49966666667,7.46763565575,6.09,4.71236434425,0.448149639276,0.349717284013,0.0984323552633,65.3715719576,79.7936425117,84.8039370094
738,2011-12-12,6.87,7.06,6.8,7.04,139000,7.04,185646.0,5.82533333333,6.0,5.5056,5.49666666667,7.36054400884,6.0,4.63945599116,0.440955107335,0.325109195197,0.115845912138,66.0042463008,84.5998440621,87.6115844638
739,2011-12-09,6.76,7.07,6.68,7.01,267800,7.01,186950.0,5.78033333333,5.917,5.4586,5.49406666667,7.21472262059,5.917,4.61927737941,0.42230383046,0.296147717162,0.126156113298,65.6959616799,87.602516314,87.7545032361
740,2011-12-08,7.13,7.2,6.71,6.72,358100,6.72,184702.0,5.74033333333,5.8335,5.418,5.4912,7.05163422906,5.8335,4.61536577094,0.395409963169,0.264608688838,0.130801274331,62.6562135757,87.2197451499,87.0167792502
741,2011-12-07,6.65,7.3,6.54,7.23,312100,7.23,181202.0,5.68366666667,5.765,5.381,5.49,6.92889862101,5.765,4.60110137899,0.384859463999,0.231908370255,0.152951093744,73.2567399301,91.0242323294,87.4294355553
742,2011-12-06,6.46,6.76,6.37,6.71,181400,6.71,179586.0,5.60666666667,5.678,5.338,5.48566666667,6.63207756498,5.678,4.72392243502,0.313867961946,0.193670596819,0.120197365127,68.1559132575,85.1715191511,85.7524896734
743,2011-12-05,6.58,6.75,6.36,6.48,176400,6.48,177858.0,5.559,5.6205,5.3048,5.48453333333,6.44924543739,5.6205,4.79175456261,0.271637092606,0.163621255537,0.108015837069,65.4493224933,84.6516203704,83.069359341
744,2011-12-02,6.2,6.65,6.15,6.46,185100,6.46,176514.0,5.51233333333,5.578,5.2762,5.4832,6.30729006575,5.578,4.84870993425,0.237202243484,0.13661729627,0.100584947214,65.2105640929,88.8703703704,75.785130719
745,2011-12-01,6.32,6.33,6.01,6.13,202900,6.13,176814.0,5.46466666667,5.54,5.244,5.48106666667,6.15113010072,5.54,4.92886989928,0.191837003426,0.111471059466,0.0803659439595,61.0909983185,84.3164488017,64.5969498911
746,2011-11-30,6.26,6.49,6.15,6.42,505800,6.42,177032.0,5.42566666667,5.517,5.22,5.48086666667,6.06938030378,5.517,4.96461969622,0.164744104247,0.0913795734762,0.073364530771,67.6255240533,74.4389978214,53.2604847495
747,2011-11-29,5.62,5.97,5.58,5.97,166400,5.97,170378.0,5.38233333333,5.4525,5.201,5.47833333333,5.8466509863,5.4525,5.0583490137,0.0982401623248,0.0730384407835,0.0252017215414,61.7267457623,55.5147058824,45.8639705882
748,2011-11-28,5.5,5.64,5.41,5.59,143000,5.59,170932.0,5.35066666667,5.4295,5.1964,5.4784,5.74626331858,5.4295,5.11273668142,0.0577461831829,0.0667380103981,-0.00899182721519,55.3471200427,44.1176470588,42.6615712074
749,2011-11-25,5.22,5.49,5.22,5.35,151500,5.35,172800.0,5.34033333333,5.4345,5.2028,5.4814,5.76413464624,5.4345,5.10486535376,0.0439121053228,0.0689859672019,-0.0250738618792,50.5090943196,38.9705882353,40.7562927877
750,2011-11-23,5.41,5.55,5.15,5.25,275100,5.25,173762.0,5.33533333333,5.4575,5.2108,5.48586666667,5.82262326686,5.4575,5.09237673314,0.0500524335038,0.0752544326717,-0.0252019991679,48.3436527673,44.8529411765,40.185676754
751,2011-11-22,5.46,5.57,5.4,5.49,493000,5.49,171906.0,5.33133333333,5.446,5.2168,5.49086666667,5.84905830844,5.446,5.04294169156,0.0673435078949,0.0815549324637,-0.0142114245688,53.566947362,42.7051083591,35.711229451
752,2011-11-21,5.39,5.5,5.39,5.45,173900,5.45,166146.0,5.32166666667,5.4175,5.2164,5.49513333333,5.88026884078,5.4175,4.95473115922,0.0639973009118,0.0851077886059,-0.021110487694,52.7773244991,36.4965333798,33.6651877208
753,2011-11-18,5.23,5.8,5.23,5.51,241400,5.51,166234.0,5.30333333333,5.409,5.213,5.49913333333,5.8753003324,5.409,4.9426996676,0.0628681814403,0.0903854105294,-0.0275172290891,54.0577581667,36.6881241006,33.2403118224
754,2011-11-17,5.34,5.45,5.14,5.18,111000,5.18,167902.0,5.27166666667,5.3875,5.2078,5.5034,5.87246907118,5.3875,4.90253092882,0.0544034772211,0.0972647178017,-0.0428612405806,47.5602243961,26.9551519644,31.675188692
755,2011-11-16,5.4,5.5,5.23,5.33,802700,5.33,171698.0,5.26066666667,5.38,5.2056,5.5102,5.88191632769,5.38,4.87808367231,0.0764081132581,0.107980027947,-0.0315719146887,50.5795057051,34.5209414381,35.2854354291
756,2011-11-15,5.18,5.5,5.12,5.47,84000,5.47,162390.0,5.23233333333,5.3615,5.1982,5.5146,5.89566383255,5.3615,4.82733616745,0.0881099125161,0.115873006619,-0.0277630941029,53.5243560398,34.7970297864,38.7069418728
757,2011-11-14,5.37,5.4,5.16,5.21,91600,5.21,173416.0,5.209,5.344,5.1844,5.5188,5.88567887166,5.344,4.80232112834,0.087509519387,0.122813780145,-0.0353042607577,48.3372278373,30.4276315789,44.7524683308
758,2011-11-11,5.4,5.42,5.28,5.38,75200,5.38,175802.0,5.176,5.3345,5.1552,5.52493333333,5.89168847799,5.3345,4.77731152201,0.111943060966,0.131639845334,-0.0196967843685,51.850791667,41.3961389129,54.8709702722
759,2011-11-10,5.45,5.47,5.25,5.34,119800,5.34,177324.0,5.153,5.3295,5.1282,5.53113333333,5.88676026235,5.3295,4.77223973765,0.12419179133,0.136564041426,-0.012372250096,51.0737679677,48.2069672131,63.1694765276
760,2011-11-09,5.32,5.69,5.28,5.35,146400,5.35,178480.0,5.141,5.3225,5.1078,5.53766666667,5.88256696028,5.3225,4.76243303972,0.142091926576,0.13965710395,0.00243482262592,51.2658241905,58.9791356185,67.5624068554
761,2011-11-08,5.57,5.57,5.31,5.49,96400,5.49,178432.0,5.125,5.3115,5.089,5.54533333333,5.87758391604,5.3115,4.74541608396,0.161854034813,0.139048398294,0.0228056365189,53.9007516152,70.9016393443,68.6475409836
762,2011-11-07,5.59,5.59,5.4,5.56,113100,5.56,179002.0,5.11133333333,5.297,5.0698,5.5518,5.85889322829,5.297,4.73510677171,0.170468885183,0.133346989164,0.0371218960186,55.2184320743,74.5901639344,66.7008196721
763,2011-11-04,5.64,5.69,5.57,5.63,68100,5.63,178330.0,5.09433333333,5.264,5.0416,5.55733333333,5.83763402967,5.264,4.69036597033,0.17185774678,0.124066515159,0.0477912316202,56.5010192201,65.7786885246,65.2663934426
764,2011-11-03,5.79,5.83,5.55,5.7,109200,5.7,178742.0,5.075,5.2105,5.0104,5.5632,5.83495095884,5.2105,4.58604904116,0.164003417447,0.112118707254,0.0518847101921,57.7465198314,63.3196721311,67.1654802991
765,2011-11-02,5.25,5.7,5.25,5.67,116200,5.67,178284.0,5.04666666667,5.168,4.9832,5.56786666667,5.76865297802,5.168,4.56734702198,0.144465660117,0.0991475297064,0.0453181304102,57.3725682605,63.1147540984,65.9959196146
766,2011-11-01,5.22,5.54,5.07,5.13,91100,5.13,178834.0,5.022,5.1085,4.9564,5.57053333333,5.73371276379,5.1085,4.48328723621,0.120481603887,0.0878179971038,0.0326636067828,49.9722245637,68.8524590164,65.9780741699
767,2011-10-31,5.57,5.83,5.5,5.51,109200,5.51,178230.0,5.03333333333,5.0905,4.9362,5.576,5.73269856742,5.0905,4.44830143258,0.143098585151,0.0796520954081,0.063446489743,56.3664602267,73.3750359505,62.6160802735
768,2011-10-28,5.72,5.95,5.66,5.69,169200,5.69,179644.0,5.041,5.026,4.9084,5.5792,5.74163677938,5.026,4.31036322062,0.131193734545,0.0637904729724,0.0674032615722,59.7280319793,58.6414293932,59.2539624098
769,2011-10-27,5.28,5.81,5.24,5.81,226900,5.81,179630.0,5.04833333333,4.976,4.874,5.5798,5.6367087104,4.976,4.3152912896,0.0957632709044,0.0469396575793,0.0488236133251,62.0176387896,63.0433723197,63.3220245359
770,2011-10-26,5.03,5.03,4.73,5.02,103800,5.02,177198.0,5.04633333333,4.9345,4.8442,5.57933333333,5.47351669733,4.9345,4.39548330267,0.0369300133724,0.034733754248,0.00219625912432,50.3927426416,55.4044834308,65.4696805427
771,2011-10-25,5.21,5.26,4.9,4.92,119300,4.92,177194.0,5.064,4.927,4.827,5.5852,5.46522300211,4.927,4.38877699789,0.0417365826551,0.034184689467,0.00755189318813,48.5415480866,59.9265644955,70.058828238
772,2011-10-24,5.15,5.28,5.04,5.28,148700,5.28,177138.0,5.08233333333,4.935,4.8158,5.59213333333,5.47730987452,4.935,4.39269012548,0.0574462535191,0.0322967161699,0.0251495373492,55.4599199769,74.9136778976,75.4571108396
773,2011-10-21,5.2,5.26,4.93,5.08,144900,5.08,177060.0,5.08233333333,4.9235,4.7898,5.59673333333,5.44543007194,4.9235,4.40156992806,0.0400073788254,0.0260093318326,0.0139980469927,51.9252389698,71.6339963469,78.9465141595
774,2011-10-20,4.97,5.13,4.93,5.03,135100,5.03,178488.0,5.088,4.922,4.77,5.60246666667,5.44229222558,4.922,4.40170777442,0.0375307441605,0.0225098200844,0.0150209240761,51.0229467545,73.7610742121,83.6015945749
775,2011-10-19,5.08,5.16,4.9,4.96,122500,4.96,179900.0,5.08933333333,4.913,4.7512,5.60993333333,5.43173307201,4.913,4.39426692799,0.0389146650915,0.0187545890654,0.0201600760261,49.7980658092,81.5196949018,88.7500356993
776,2011-10-18,5.05,5.16,4.96,5.12,127300,5.12,182874.0,5.08933333333,4.9115,4.7452,5.61766666667,5.42985412606,4.9115,4.39314587394,0.0472422926784,0.0137145700589,0.0335277226195,52.5895687901,88.8712911772,90.2026233042
777,2011-10-17,5.21,5.3,4.98,5.02,143700,5.02,185586.0,5.078,4.929,4.7244,5.6164,5.49570627313,4.929,4.36229372687,0.0408933039958,0.00533263940402,0.0355606645918,50.9953108304,90.2543180086,86.6577377266
778,2011-10-14,5.23,5.28,5.13,5.28,130400,5.28,186844.0,5.03566666667,4.965,4.717,5.616,5.63272748932,4.965,4.29727251068,0.042376692201,-0.00355752674392,0.0459342189449,55.5011460377,94.3548387097,81.4582777926
779,2011-10-13,5.07,5.23,4.99,5.2,127600,5.2,187158.0,4.994,4.9965,4.7112,5.6148,5.77151677401,4.9965,4.22148322599,0.0171809194418,-0.0150410814802,0.0322220009219,54.3486739557,87.3300453212,71.6608904292
780,2011-10-12,5.24,5.25,5.05,5.13,155600,5.13,187224.0,4.96466666667,5.024,4.7158,5.61486666667,5.86238893122,5.024,4.18561106878,-0.00708249843547,-0.0230965817106,0.0160140832752,53.3673900406,74.691748867,62.0717596327
781,2011-10-11,4.81,5.27,4.76,5.2,127900,5.2,185464.0,4.94066666667,5.045,4.7262,5.61573333333,5.9134584043,5.045,4.1765415957,-0.0308211518216,-0.0271001025294,-0.00372104929214,54.4542877706,69.4564782725,52.9434195197
782,2011-10-10,4.66,4.91,4.58,4.9,146100,4.9,185906.0,4.91833333333,5.0585,4.7416,5.61586666667,5.94439559204,5.0585,4.17260440796,-0.0677992708443,-0.0261698402064,-0.0416294306379,50.4372426606,55.1652892562,41.1306079273
783,2011-10-07,4.83,4.93,4.43,4.56,270400,4.56,184776.0,4.89333333333,5.0775,4.7526,5.61866666667,5.96528094145,5.0775,4.18971905855,-0.0834651715482,-0.0157624825469,-0.0677026890013,45.3662471825,48.9735221351,32.1520343191
784,2011-10-06,4.48,4.86,4.33,4.85,185000,4.85,181672.0,4.877,5.112,4.7704,5.6234,5.96977852619,5.112,4.25422147381,-0.0676283368605,0.00116318970337,-0.0687915265639,49.3666709879,38.178388415,22.8483038127
785,2011-10-05,4.74,4.74,4.23,4.48,170100,4.48,179412.0,4.86,5.123,4.7858,5.6272,5.97266110891,5.123,4.27333889109,-0.0759583647775,0.0183610713443,-0.0943194361219,43.4599208039,22.2052319028,18.2567756665
786,2011-10-04,4.14,4.93,4.03,4.77,190000,4.77,177424.0,4.855,5.147,4.8148,5.635,5.94840127277,5.147,4.34559872723,-0.0478129332858,0.0419409303748,-0.0897538636606,47.4921533766,19.2509948237,19.3286020192
787,2011-10-03,4.63,4.75,4.21,4.22,230900,4.22,174500.0,4.83333333333,5.1475,4.8408,5.6388,5.94797173592,5.1475,4.34702826408,-0.0407209398794,0.06437939629,-0.105100336169,37.2370512194,11.7586001094,21.4654801789
788,2011-09-30,4.87,4.98,4.67,4.69,204200,4.69,171232.0,4.83,5.124,4.8806,5.64646666667,6.04979479368,5.124,4.19820520632,0.0249233271938,0.0906544803323,-0.0657311531385,44.066298531,19.8122758302,25.3821734351
789,2011-09-29,5.01,5.04,4.8,4.98,155400,4.98,169126.0,4.806,5.091,4.9098,5.65113333333,6.1178573416,5.091,4.0641426584,0.0604922160445,0.107087268617,-0.0465950525724,49.2403952827,26.4925373134,25.8742345962
790,2011-09-28,5.06,5.07,4.76,4.87,183100,4.87,166812.0,4.784,5.058,4.9298,5.65546666667,6.13804814707,5.058,3.97795185293,0.0754838928533,0.11873603176,-0.0432521389067,47.0506236455,27.7985074627,26.7072746179
791,2011-09-27,5.2,5.24,5.02,5.08,231300,5.08,164584.0,4.76033333333,5.035,4.9534,5.65926666667,6.14913643689,5.035,3.92086356311,0.104720776448,0.129549066487,-0.0248282900389,50.9468080206,27.4253731343,30.9021580201
792,2011-09-26,5.11,5.17,4.85,5.05,95000,5.05,161328.0,4.73633333333,5.0075,4.9712,5.66053333333,6.1427863075,5.0075,3.8722136925,0.119132642033,0.135756138996,-0.0166234969637,50.4019846973,21.7805204746,40.271453453
793,2011-09-23,4.87,5.19,4.81,5.05,109200,5.05,163550.0,4.70066666667,4.9625,4.9954,5.66313333333,6.15726985231,4.9625,3.76773014769,0.138849130223,0.139912013237,-0.00106288301487,50.4019846973,29.8246974001,56.485702765
794,2011-09-22,4.79,4.96,4.64,4.85,200100,4.85,166826.0,4.66866666667,4.9135,5.0192,5.6688,6.16874937761,4.9135,3.65825062239,0.161994915072,0.140177733991,0.0218171810813,47.0194334064,44.5780410714,72.4694336765
795,2011-09-21,5.45,5.6,4.91,4.93,213800,4.93,165372.0,4.64333333333,4.888,5.0456,5.67606666667,6.16785311657,4.888,3.60814688343,0.20954469988,0.134723438721,0.074821261159,48.2414461032,64.9025548661,84.6253443681
796,2011-09-20,5.78,5.82,5.44,5.47,173100,5.47,164404.0,4.63433333333,4.858,5.0708,5.6818,6.16043771444,4.858,3.55556228556,0.259042138672,0.116018123431,0.143024015241,57.6291563903,86.6375177225,90.5242292883
797,2011-09-19,5.79,5.93,5.69,5.74,194100,5.74,166662.0,4.588,4.7905,5.0854,5.68433333333,6.09898729455,4.7905,3.48201270545,0.263469165804,0.0802621196208,0.183207046183,63.3530595119,93.7596210462,89.7082964596
798,2011-09-16,5.75,5.98,5.71,5.91,236400,5.91,164540.0,4.55166666667,4.7095,5.0934,5.6868,5.97263063457,4.7095,3.44636936543,0.237796474387,0.0344603580749,0.203336116312,67.258763882,93.2016838377,86.911098959
799,2011-09-15,5.6,5.81,5.53,5.75,199600,5.75,162418.0,4.521,4.6125,5.0984,5.68906666667,5.78680617813,4.6125,3.43819382187,0.184260835896,-0.016373671003,0.200634506899,65.3942463823,88.4980945468,84.9468008645
800,2011-09-14,5.5,5.62,5.33,5.55,182300,5.55,160740.0,4.51033333333,4.541,5.107,5.68746666667,5.59782354251,4.541,3.48417645749,0.129540645154,-0.0665322977277,0.196072942882,62.9449331862,83.3737864078,85.413071886
801,2011-09-13,5.29,5.51,5.17,5.47,205000,5.47,160496.0,4.51366666667,4.4715,5.1184,5.68853333333,5.43221379713,4.4715,3.51078620287,0.0781771923143,-0.115550533448,0.193727725762,61.9444984347,82.5708310435,82.8429210979
802,2011-09-12,5.16,5.29,5.04,5.28,178300,5.28,159670.0,4.53033333333,4.416,5.13,5.68066666667,5.26082897678,4.416,3.57117102322,0.0196270806196,-0.163982464889,0.183609545508,59.5351593049,85.34449146,75.8297394969
803,2011-09-09,5.08,5.73,5.08,5.25,324800,5.25,160680.0,4.536,4.351,5.1442,5.67446666667,5.11621630929,4.351,3.58578369071,-0.036044183116,-0.209884851266,0.17384066815,59.156026433,90.3631786325,65.093562639
804,2011-09-08,4.9,5.26,4.81,5.07,300800,5.07,155348.0,4.54266666667,4.293,5.1532,5.6688,4.94421732164,4.293,3.64178267836,-0.103522135257,-0.253345018303,0.149822883046,56.9064954075,73.0931832557,50.7914584571
805,2011-09-07,4.88,4.98,4.61,4.96,337300,4.96,150914.0,4.561,4.244,5.1656,5.66466666667,4.79352342989,4.244,3.69447657011,-0.169815490386,-0.290800739065,0.120985248679,55.5162188726,54.5181046393,46.5806626432
806,2011-09-06,3.67,4.8,3.67,4.78,635300,4.78,145610.0,4.59333333333,4.229,5.1798,5.66193333333,4.71186229921,4.229,3.74613770079,-0.240759874708,-0.321047051235,0.0802871765266,53.2231589483,42.3997840287,48.5907021613
807,2011-09-02,3.92,3.94,3.67,3.75,210900,3.75,139076.0,4.63633333333,4.194,5.197,5.66033333333,4.60869989149,4.194,3.77930010851,-0.30948147252,-0.341118845366,0.0316373728462,35.5778671667,33.1547619048,52.094304883
808,2011-09-01,4.3,4.39,3.99,4.03,151300,4.03,137120.0,4.71833333333,4.239,5.2388,5.66653333333,4.64647515262,4.239,3.83152484738,-0.287820945037,-0.349028188578,0.0612072435414,39.3221756014,56.25,59.3310381356
809,2011-08-31,4.43,4.46,4.26,4.32,177600,4.32,136576.0,4.789,4.287,5.2738,5.66986666667,4.79776804912,4.287,3.77623195088,-0.284496839848,-0.364329999463,0.0798331596156,43.7503931669,62.5582627119,58.9620653127
810,2011-08-30,4.54,4.72,4.36,4.41,144000,4.41,134692.0,4.84433333333,4.3425,5.3052,5.67213333333,5.056387246,4.3425,3.628612754,-0.305643209736,-0.384288289367,0.0786450796311,45.217835382,56.4141949153,56.2462528005
811,2011-08-29,4.23,4.53,4.23,4.53,124900,4.53,133630.0,4.899,4.4045,5.3336,5.6732,5.31842505163,4.4045,3.49057494837,-0.337351584252,-0.403949559275,0.0665979750228,47.176964669,62.1016949153,55.0800382892
812,2011-08-26,4.04,4.22,4.01,4.15,79500,4.15,137812.0,4.947,4.4765,5.3576,5.67286666667,5.61734661546,4.4765,3.33565338454,-0.385134250136,-0.420599053031,0.0354648028945,39.4647453931,54.7741087084,47.5184974505
813,2011-08-25,4.43,4.51,4.03,4.07,88700,4.07,139750.0,5.01733333333,4.5415,5.3892,5.67433333333,5.74684268986,4.5415,3.33615731014,-0.401829445499,-0.429465253754,0.0276358082553,37.6862126256,51.6950126632,39.0599389044
814,2011-08-24,4.3,4.42,4.17,4.34,86300,4.34,142602.0,5.08966666667,4.6105,5.4232,5.67753333333,5.85726340979,4.6105,3.36373659021,-0.409148339282,-0.436374205818,0.0272258665362,41.5080763588,51.74933687,30.5023600433
815,2011-08-23,4.12,4.33,4.02,4.33,143700,4.33,146446.0,5.15066666667,4.6745,5.4544,5.67813333333,5.98873704102,4.6745,3.36026295898,-0.440029569685,-0.443180672452,0.00315110276763,41.3033576585,31.8555315603,21.6700994426
816,2011-08-22,4.2,4.2,3.99,4.12,60900,4.12,148432.0,5.21266666667,4.7545,5.4874,5.6788,6.16628574862,4.7545,3.34271425138,-0.472026637294,-0.443968448144,-0.0280581891498,37.0039402692,20.9398745239,17.7150299583
817,2011-08-19,3.92,4.21,3.92,4.12,179900,4.12,154064.0,5.282,4.852,5.5242,5.6832,6.34220267078,4.852,3.36179732922,-0.484618870682,-0.436953900857,-0.0476649698253,37.0039402692,17.464697219,15.2265148122
818,2011-08-18,4.19,4.22,3.94,3.97,168500,3.97,155724.0,5.34933333333,4.9565,5.5636,5.68786666667,6.51813087828,4.9565,3.39486912172,-0.493642137724,-0.4250376584,-0.0686044793233,34.0277532213,16.4202944673,13.2357509203
819,2011-08-17,4.17,4.35,4.15,4.32,105300,4.32,159200.0,5.42233333333,5.0655,5.6062,5.69206666667,6.64075204333,5.0655,3.49024795667,-0.482706131108,-0.407886538569,-0.0748195925386,37.9081041449,16.0352536231,12.3292584479
820,2011-08-16,4.29,4.36,4.1,4.16,103600,4.16,159798.0,5.48433333333,5.1485,5.6466,5.69513333333,6.73278879943,5.1485,3.56421120057,-0.497362993484,-0.389181640435,-0.10818135305,34.7495487107,10.9858139396,11.338737725
821,2011-08-15,4.03,4.37,4.03,4.36,116500,4.36,163756.0,5.54966666667,5.243,5.6852,5.69866666667,6.80548647994,5.243,3.68051352006,-0.49254519974,-0.362136302172,-0.130408897567,36.9300631287,9.50164165103,11.4962476548
822,2011-08-12,4.13,4.13,3.92,3.98,144800,3.98,163818.0,5.606,5.3235,5.721,5.70133333333,6.86142425041,5.3235,3.78557574959,-0.499595285546,-0.329534077781,-0.170061207765,29.078489897,12.7943245779,11.6963965852
823,2011-08-11,4.12,4.25,4.06,4.09,216300,4.09,163158.0,5.673,5.4375,5.769,5.70753333333,6.89614149125,5.4375,3.97885850875,-0.462636009094,-0.287018775839,-0.175617233254,30.0852171969,12.0731707317,9.47053839041
824,2011-08-10,4.5,4.5,4.06,4.09,205700,4.09,164072.0,5.72666666667,5.545,5.8168,5.71406666667,6.90406585565,5.545,4.18593414435,-0.419933281563,-0.243114467526,-0.176818814037,30.0852171969,11.6158536585,9.53171023018
825,2011-08-09,4.25,4.67,3.95,4.66,271200,4.66,165684.0,5.78,5.649,5.865,5.7208,6.85669035767,5.649,4.44130964233,-0.35932095251,-0.198909764016,-0.160411188493,35.5906088203,10.3022373728,13.7486439225
826,2011-08-08,4.54,4.7,4.08,4.08,262900,4.08,165948.0,5.81366666667,5.7255,5.8996,5.72393333333,6.86480636793,5.7255,4.58619363207,-0.334767456845,-0.158806966893,-0.175960489952,22.1259151619,3.89089179864,18.8900009339
827,2011-08-05,5.01,5.05,4.57,4.65,206600,4.65,164284.0,5.86566666667,5.8315,5.942,5.73153333333,6.70131089899,5.8315,4.96168910101,-0.239504377552,-0.114816844405,-0.124687533147,27.3419271893,12.3178580908,25.1450710046
828,2011-08-04,5.36,5.4,4.97,4.99,146100,4.99,163550.0,5.90533333333,5.906,5.9718,5.7342,6.59463342934,5.906,5.21736657066,-0.172466710854,-0.0836449611182,-0.0888217497357,31.4482512504,28.4835884279,27.4507424362
829,2011-08-03,5.74,5.8,5.42,5.43,130900,5.43,165934.0,5.93166666667,5.9645,5.9948,5.73506666667,6.51732818307,5.9645,5.41167181693,-0.119011845928,-0.0614395236843,-0.0575723222441,38.3736791749,30.8676654182,22.793340366
830,2011-08-02,5.51,5.97,5.51,5.65,67600,5.65,166720.0,5.947,6.002,6.0052,5.73246666667,6.50413942287,6.002,5.49986057713,-0.0938529187553,-0.0470464431233,-0.046806475632,42.7439694629,28.9111720814,19.5240460324
831,2011-08-01,5.52,6.0,5.5,5.97,150000,5.97,170248.0,5.953,6.0255,6.0166,5.72893333333,6.50292957596,6.0255,5.54807042404,-0.0827758456179,-0.0353448242153,-0.0474310214027,50.5141795777,21.5405438174,21.4331053762
832,2011-07-29,5.41,5.54,5.35,5.45,89600,5.45,170284.0,5.945,6.0295,6.0238,5.72233333333,6.50634274137,6.0295,5.55265725863,-0.10001527815,-0.0234870688646,-0.0765282092854,31.8094883805,9.85398014703,28.789784898
833,2011-07-28,5.61,5.84,5.44,5.45,115200,5.45,176290.0,5.95433333333,6.0565,6.0436,5.71793333333,6.45350251888,6.0565,5.65949748112,-0.0676188407179,-0.00435501654328,-0.0632638241746,31.8094883805,17.7904880835,38.9750993851
834,2011-07-27,5.9,5.9,5.59,5.62,72000,5.62,176996.0,5.965,6.069,6.0614,5.71226666667,6.39890301605,6.069,5.73909698395,-0.0252856592577,0.0114609395004,-0.0367465987581,35.6029135223,36.5474094567,46.8786678404
835,2011-07-26,6.08,6.11,5.82,5.93,70700,5.93,179166.0,5.97433333333,6.0725,6.0786,5.70586666667,6.38426112651,6.0725,5.76073887349,0.011805574668,0.0206475891899,-0.0088420145219,44.6113205938,50.9672619048,46.521577381
836,2011-07-25,6.15,6.17,6.02,6.07,43800,6.07,182394.0,5.976,6.0595,6.0882,5.6956,6.41285393022,6.0595,5.70614606978,0.0274121230652,0.0228580928204,0.00455403024487,49.9067803912,50.5952380952,44.1181077694
837,2011-07-22,6.14,6.24,6.1,6.21,67500,6.21,184478.0,5.97233333333,6.038,6.0968,5.6834,6.43572352206,6.038,5.64027647794,0.032678486684,0.0217195852591,0.0109589014249,56.0891148897,49.4047619048,45.9891917293
838,2011-07-21,5.99,6.19,5.95,6.15,98900,6.15,186182.0,5.96833333333,6.0195,6.1038,5.67026666667,6.417920632,6.0195,5.621079368,0.0246704128057,0.0189798599029,0.00569055290279,53.812134063,35.119047619,50.7011847801
839,2011-07-20,6.06,6.06,5.92,5.98,39700,5.98,189624.0,5.96666666667,6.001,6.1138,5.65706666667,6.40773824507,6.001,5.59426175493,0.0201994470511,0.0175572216772,0.00264222537389,46.5153921412,41.3533834586,62.9877921837
840,2011-07-19,5.99,6.1,5.91,6.05,71700,6.05,192390.0,5.97866666667,5.9965,6.1258,5.6456,6.40604975278,5.9965,5.58695024722,0.0315081497127,0.0168966653338,0.0146114843789,49.5057353816,58.0795739348,74.0852854977
841,2011-07-18,6.24,6.25,5.89,5.97,68500,5.97,195350.0,5.98,5.9855,6.1356,5.63386666667,6.40049277102,5.9855,5.57050722898,0.0383565934777,0.013243794239,0.0251127992386,45.8086307448,68.252734108,80.7340210478
842,2011-07-15,6.25,6.3,6.21,6.26,206100,6.26,202878.0,5.986,5.9735,6.1478,5.62253333333,6.40321036757,5.9735,5.54378963243,0.0546852385234,0.00696559442937,0.0477196440941,60.7910828277,84.2654772334,85.350006739
843,2011-07-14,6.19,6.3,6.18,6.24,273000,6.24,214022.0,5.99,5.947,6.1534,5.60946666667,6.36805106579,5.947,5.52594893421,0.0452038329124,-0.00496431659415,0.0501681495066,59.9522783997,85.7433567147,86.823832177
844,2011-07-13,6.22,6.22,6.03,6.17,127400,6.17,211642.0,5.998,5.9235,6.1542,5.59393333333,6.32868020682,5.9235,5.51831979318,0.0344809649084,-0.0175063539708,0.0519873188792,56.9597816106,84.674516135,87.5998362954
845,2011-07-12,6.19,6.31,6.15,6.19,165400,6.19,211734.0,6.009,5.91,6.1536,5.58026666667,6.29910152917,5.91,5.52089847083,0.02742041753,-0.0305031836906,0.0579236012206,58.1118218353,86.7166768728,88.493594037
846,2011-07-11,6.08,6.22,6.0,6.2,286000,6.2,210506.0,6.01566666667,5.8995,6.1518,5.57106666667,6.26863276744,5.8995,5.53036723256,0.0159733855303,-0.0449840839957,0.060957469526,58.6626886526,90.1607789855,89.549983531
847,2011-07-08,6.08,6.15,6.0,6.14,88000,6.14,206700.0,6.01566666667,5.8875,6.1486,5.56473333333,6.23152761517,5.8875,5.54347238483,0.000112288170155,-0.0602234513772,0.0603357395474,56.357769889,88.8473731884,85.6792963603
848,2011-07-07,6.22,6.25,6.09,6.16,130300,6.16,206458.0,6.01566666667,5.885,6.1454,5.5586,6.22231291111,5.885,5.54768708889,-0.0140247821065,-0.0753073862641,0.0612826041576,57.3475119804,88.2495471014,78.5148015481
849,2011-07-06,6.09,6.19,6.04,6.18,115700,6.18,205778.0,6.015,5.882,6.143,5.55133333333,6.21042655191,5.882,5.55357344809,-0.0339011913381,-0.0906280373035,0.0567268459654,58.2982015178,90.9422348485,67.6927664022
850,2011-07-05,6.07,6.2,5.98,6.12,170100,6.12,205724.0,6.00733333333,5.89,6.1398,5.5448,6.25304269721,5.89,5.52695730279,-0.0608139727014,-0.104809748795,0.0439957760934,56.2791407333,74.678030303,50.7146047742
851,2011-07-01,5.95,6.16,5.93,6.05,163700,6.05,204548.0,6.01066666667,5.8885,6.1374,5.5388,6.2479593162,5.8885,5.5290406838,-0.0881708104023,-0.115808692818,0.0276378824159,53.8589817921,60.1893939394,38.5078234361
852,2011-06-30,5.73,6.0,5.71,5.99,228800,5.99,203444.0,6.02,5.8935,6.139,5.5358,6.26440564838,5.8935,5.52259435162,-0.114678326007,-0.122718163422,0.00803983741482,51.732413621,44.961406518,30.0557769464
853,2011-06-29,5.72,5.77,5.65,5.7,58200,5.7,201742.0,6.035,5.913,6.1402,5.53433333333,6.3390563343,5.913,5.4869436657,-0.140734415729,-0.124728122776,-0.0160062929527,39.1444897505,23.0295883362,26.4283723157
854,2011-06-28,5.7,5.71,5.6,5.69,79100,5.69,204194.0,6.05633333333,5.952,6.1492,5.53766666667,6.43227492127,5.952,5.47172507873,-0.14241714238,-0.120726549538,-0.0216905928427,38.6320325695,25.8509049506,29.4236281127
855,2011-06-27,5.65,5.68,5.56,5.67,72100,5.67,205854.0,6.08266666667,5.9925,6.1594,5.54146666667,6.51253365276,5.9925,5.47246634724,-0.1414752096,-0.115303901327,-0.0261713082726,37.6570648593,26.3812079809,30.0490010036
856,2011-06-24,5.85,5.85,5.63,5.64,308600,5.64,206452.0,6.10733333333,6.0285,6.1658,5.54466666667,6.55390555764,6.0285,5.50309444236,-0.136178775983,-0.108761074259,-0.0274177017244,36.2462806323,30.4517879949,28.7338643469
857,2011-06-23,5.72,5.85,5.65,5.84,113100,5.84,202598.0,6.136,6.0565,6.175,5.54826666667,6.5551090653,6.0565,5.5578909347,-0.124383273062,-0.101906648828,-0.0224766242347,42.1510953151,35.0106115243,24.2368702816
858,2011-06-22,5.86,6.0,5.77,5.78,124100,5.78,203412.0,6.16,6.0715,6.1808,5.5496,6.56112332461,6.0715,5.58187667539,-0.127882347181,-0.0962874927691,-0.0315948544116,39.401019195,28.3523965142,17.2260894516
859,2011-06-21,5.86,5.9,5.78,5.89,83400,5.89,204122.0,6.189,6.0895,6.1914,5.552,6.56107077942,6.0895,5.61792922058,-0.124379240369,-0.0883887791662,-0.0359904612027,42.8705033517,21.1206613543,11.6621389211
860,2011-06-20,5.71,5.85,5.65,5.83,90900,5.83,204588.0,6.212,6.0925,6.2,5.55533333333,6.55969910103,6.0925,5.62530089897,-0.129298849633,-0.0793911638655,-0.0499076857674,40.2036058122,12.4638117336,8.23488930383
861,2011-06-17,5.76,5.78,5.59,5.73,334000,5.73,206896.0,6.23566666667,6.112,6.2134,5.5596,6.56611892715,6.112,5.65788107285,-0.127588258553,-0.0669142424237,-0.0606740161298,35.5471888403,6.96748820423,7.6866342975
862,2011-06-16,5.76,5.83,5.71,5.73,176400,5.73,204334.0,6.264,6.142,6.228,5.56513333333,6.56971953427,6.142,5.71428046573,-0.113367274906,-0.0517457383912,-0.0616215365146,35.5471888403,6.09659439216,9.08337363505
863,2011-06-15,5.85,5.91,5.75,5.77,231300,5.77,205786.0,6.291,6.1775,6.2412,5.57206666667,6.579638036,6.1775,5.775361964,-0.0935671499605,-0.0363403542625,-0.057226795698,36.5282506409,7.41166288531,13.1553788832
864,2011-06-14,6.04,6.09,5.85,5.9,278500,5.9,210596.0,6.308,6.206,6.256,5.57813333333,6.56729766122,6.206,5.84470233878,-0.0710067410309,-0.022033655338,-0.0489730856929,39.8470913432,10.2707917083,17.648617008
865,2011-06-13,5.96,6.08,5.88,5.98,243000,5.98,212266.0,6.316,6.235,6.266,5.58306666667,6.58636875217,6.235,5.88363124783,-0.054414993764,-0.00979038391481,-0.0446246098492,42.0291694541,12.5544455544,22.3474025974
866,2011-06-10,6.05,6.17,5.9,5.96,342500,5.95,219044.0,6.32,6.2565,6.2678,5.58613333333,6.59521964809,6.2565,5.91778035191,-0.0405918546158,0.00136576854749,-0.0419576231633,41.2827295448,22.3846153846,29.353021978
867,2011-06-09,6.13,6.19,6.04,6.09,262900,6.08,216432.0,6.32266666667,6.2835,6.2676,5.58926666667,6.60921613408,6.2835,5.95778386592,-0.0203217118541,0.0118551743383,-0.0321768861924,44.7614379958,25.3846153846,35.364010989
868,2011-06-08,6.31,6.4,6.03,6.1,342300,6.09,214798.0,6.319,6.307,6.2656,5.59066666667,6.64119156183,6.307,5.97280843817,-0.00739041382939,0.0198993958864,-0.0272898097158,45.0324868169,29.0659340659,44.4301470588
869,2011-06-07,6.15,6.44,6.15,6.34,135200,6.33,209910.0,6.317,6.3345,6.2592,5.59593333333,6.68609493739,6.3345,5.98290506261,0.00820393985054,0.0267218483154,-0.0185179084648,52.0576162188,40.5769230769,54.8343568197
870,2011-06-06,6.12,6.22,6.01,6.09,301500,6.08,210182.0,6.30633333333,6.3465,6.2472,5.59893333333,6.71404727587,6.3465,5.97895272413,0.00355231214965,0.0313513254316,-0.0277990132819,43.537798829,46.4285714286,60.8193277311
871,2011-06-03,6.3,6.3,6.08,6.15,119600,6.14,207314.0,6.30333333333,6.369,6.2434,5.60413333333,6.72592576259,6.369,6.01207423741,0.023018019162,0.038301078752,-0.0152830595901,45.3331659634,61.6491596639,62.3555672269
872,2011-06-02,6.51,6.58,6.35,6.38,111800,6.37,211114.0,6.30266666667,6.3905,6.2396,5.60766666667,6.74385393022,6.3905,6.03714606978,0.0414194412881,0.0421218436496,-0.000702402361499,53.1321092403,70.6827731092,56.7525270978
873,2011-06-01,6.51,6.65,6.48,6.48,262000,6.47,214272.0,6.29166666667,6.3985,6.2314,5.6098,6.75773669078,6.3985,6.03926330922,0.0408857009284,0.0422974442399,-0.00141174331149,57.0978757728,64.5168067227,44.8469659603
874,2011-05-31,6.44,6.6,6.43,6.5,286300,6.49,221600.0,6.28066666667,6.3885,6.2206,5.6116,6.74923674612,6.3885,6.02776325388,0.0294279348559,0.0426503800678,-0.0132224452119,57.9004727289,52.5735294118,33.0622952842
875,2011-05-27,6.23,6.41,6.22,6.39,284400,6.38,236414.0,6.27066666667,6.3705,6.2136,5.61366666667,6.74292314643,6.3705,5.99807685357,0.0123392525618,0.0459559913708,-0.0336167388089,54.6444615262,39.2369991475,24.4962870732
876,2011-05-26,6.13,6.24,6.0,6.2,179700,6.19,260184.0,6.25733333333,6.356,6.2082,5.61653333333,6.746404918,6.356,5.965595082,0.00154839985104,0.054360176073,-0.052811776222,48.2215160727,23.0605285592,19.6267302688
877,2011-05-25,6.1,6.34,6.1,6.14,169900,6.13,260834.0,6.254,6.348,6.1828,5.62,6.75697921708,6.348,5.93902078292,0.00709828021142,0.0675631201285,-0.0604648399171,45.9782244924,17.3781240185,19.5825411114
878,2011-05-24,6.12,6.27,6.04,6.14,265300,6.13,261718.0,6.25366666667,6.34,6.1592,5.62313333333,6.77062744919,6.34,5.90937255081,0.0201877888865,0.0826793301078,-0.0624915412213,45.9782244924,18.3094965675,23.6802449553
879,2011-05-23,6.14,6.18,5.95,5.95,170200,5.94,259838.0,6.25933333333,6.335,6.1384,5.62553333333,6.77697284984,6.335,5.89302715016,0.0366011212116,0.0983022154131,-0.0617010942015,38.7302721081,19.7587719298,28.6909389952
880,2011-05-20,6.31,6.38,6.22,6.22,244000,6.21,258740.0,6.27166666667,6.3385,6.1236,5.63006666667,6.76918666104,6.3385,5.90781333896,0.0763635763435,0.113727488963,-0.0373639126199,47.0621692273,22.8837719298,35.3393141946
881,2011-05-19,6.47,6.47,6.14,6.33,151800,6.32,257534.0,6.281,6.3275,6.1044,5.63293333333,6.78039623536,6.3275,5.87460376464,0.0985132761468,0.123068467118,-0.0245551909716,51.2315868331,33.7689393939,45.0726252914
882,2011-05-18,6.34,6.5,6.33,6.44,389900,6.43,256890.0,6.28533333333,6.3175,6.0822,5.63593333333,6.77849349236,6.3175,5.85650650764,0.114151427152,0.129207264861,-0.0150558377094,55.8239858282,38.3522727273,53.8977450395
883,2011-05-17,6.44,6.63,6.34,6.34,150500,6.33,252960.0,6.28366666667,6.298,6.0598,5.6426,6.76949125124,6.298,5.82650874876,0.12125101004,0.132971224289,-0.011720214249,52.2075232597,46.3522727273,63.3466097676
884,2011-05-16,6.36,6.56,6.36,6.48,180500,6.47,253610.0,6.28933333333,6.2885,6.0384,5.64853333333,6.763864071,6.2885,5.813135929,0.138730826598,0.135901277851,0.00282954874691,58.4254061507,61.817016317,71.4343633845
885,2011-05-13,6.51,6.59,6.28,6.41,232100,6.4,254418.0,6.28666666667,6.2745,6.0172,5.65426666667,6.74292181845,6.2745,5.80607818155,0.144768980436,0.135193890664,0.00957508977182,55.9919300181,69.0694183865,76.0084952066
886,2011-05-12,6.52,6.62,6.35,6.5,148000,6.49,254356.0,6.27533333333,6.2535,6.002,5.6616,6.73326139903,6.2535,5.77373860097,0.157497402529,0.132800118221,0.0246972843074,60.1986709273,76.1477316395,78.1332220443
887,2011-05-11,6.64,6.64,6.43,6.56,152700,6.55,254188.0,6.257,6.2335,5.9788,5.66733333333,6.70374568047,6.2335,5.76325431953,0.162288989963,0.126625797144,0.0356631928183,63.1350698073,78.7032871951,78.9509351127
888,2011-05-10,6.6,6.7,6.59,6.65,271000,6.64,260266.0,6.238,6.212,5.955,5.6734,6.65932985592,6.212,5.76467014408,0.159935139888,0.11770999894,0.0422251409484,67.7372348185,80.1135436053,77.9789656414
889,2011-05-09,6.52,6.71,6.52,6.58,178000,6.57,259696.0,6.209,6.195,5.9298,5.67793333333,6.59811288741,6.195,5.79188711259,0.145440805577,0.107153713703,0.038287091874,65.944353693,77.5683257374,74.7794320675
890,2011-05-06,6.65,6.74,6.53,6.54,219700,6.53,260404.0,6.181,6.182,5.9108,5.68133333333,6.54983692039,6.182,5.81416307961,0.131952534429,0.0975819407342,0.0343705936946,64.9096527573,79.418583913,69.8159220617
891,2011-05-05,6.43,6.76,6.43,6.58,444900,6.57,261580.0,6.15966666667,6.18,5.8888,5.6862,6.54038867907,6.18,5.81961132093,0.116890013299,0.0889892923106,0.0279007209886,66.7940783481,74.8154093098,60.6577046549
892,2011-05-04,6.7,6.75,6.44,6.54,763300,6.53,259892.0,6.139,6.174,5.8626,5.69013333333,6.51077292053,6.174,5.83722707947,0.0918918134095,0.0820141120634,0.00987770134606,65.8741184353,67.3154093098,51.4538523274
893,2011-05-03,6.14,6.3,6.1,6.28,154000,6.27,252378.0,6.12,6.1665,5.8406,5.6946,6.47590426629,6.1665,5.85709573371,0.0627211391734,0.0795446867269,-0.0168235475535,59.0218496649,57.7142857143,42.8973214286
894,2011-05-02,6.11,6.19,6.06,6.14,132000,6.13,253368.0,6.10866666667,6.178,5.833,5.70066666667,6.51891641204,6.178,5.83708358796,0.051049171124,0.0837505736153,-0.0327014024913,54.4486312249,42.7857142857,35.5836038961
895,2011-04-29,6.05,6.14,6.01,6.1,104000,6.09,256656.0,6.109,6.191,5.829,5.70793333333,6.54471740132,6.191,5.83728259868,0.0496635075974,0.0919259242381,-0.0422624166407,53.0587703524,38.0,32.6206189644
896,2011-04-28,5.99,6.11,5.98,6.04,95700,6.03,258690.0,6.10966666667,6.1895,5.8228,5.7178,6.54499824191,6.1895,5.83400175809,0.0512452460402,0.102491528398,-0.0512462823581,50.975279494,33.0892857143,30.0816267066
897,2011-04-27,6.06,6.06,5.94,5.98,75900,5.97,264682.0,6.07266666667,6.185,5.819,5.72566666667,6.55010272527,6.185,5.81989727473,0.058627824983,0.115303098988,-0.0566752740048,48.867883128,28.4594155844,29.2768377456
898,2011-04-26,6.01,6.12,5.93,6.04,96300,6.03,273994.0,6.03866666667,6.1855,5.8216,5.7344,6.54950412086,6.1855,5.82149587914,0.0733070028339,0.129471917489,-0.0561649146551,50.8995883023,30.9337745588,31.0161505162
899,2011-04-25,5.97,6.04,5.86,6.02,113000,6.01,290826.0,6.00733333333,6.1725,5.8258,5.744,6.57309330998,6.1725,5.77190669002,0.0848675970677,0.143513146153,-0.058645549085,50.2594977931,27.844030969,30.5343094406
900,2011-04-21,6.17,6.2,5.95,6.0,111300,5.99,306580.0,5.98033333333,6.1585,5.8156,5.75473333333,6.59719237513,6.1585,5.71980762487,0.100425045023,0.158174533424,-0.0577494884006,49.6500015509,29.8701298701,30.8046186409
901,2011-04-20,6.12,6.16,6.06,6.13,108500,6.12,368116.0,5.95566666667,6.1535,5.8098,5.76373333333,6.60148549084,6.1535,5.70551450916,0.120857641577,0.172611905524,-0.0517542639467,53.6153236636,35.4166666667,30.6102091359
902,2011-04-19,6.19,6.35,6.03,6.05,143700,6.04,370350.0,5.92533333333,6.145,5.773,5.77153333333,6.60082891527,6.145,5.68917108473,0.131942771847,0.185550471511,-0.0536076996637,51.3972177065,29.0064102564,30.1484030205
903,2011-04-18,6.12,6.24,6.03,6.15,180800,6.14,370256.0,5.901,6.141,5.739,5.78053333333,6.60147366917,6.141,5.68052633083,0.152317715983,0.198952396427,-0.0466346804442,54.4176777268,28.9252677702,34.4380289837
904,2011-04-15,6.0,6.22,5.85,6.2,162100,6.19,370332.0,5.87166666667,6.1305,5.704,5.78846666667,6.59917792779,6.1305,5.66182207221,0.165926205174,0.210611066538,-0.0446848613639,55.9440942177,29.0924918505,42.1656620874
905,2011-04-14,6.02,6.02,5.91,5.99,102000,5.98,370070.0,5.84566666667,6.128,5.669,5.7972,6.59570075903,6.128,5.66029924097,0.175791204758,0.221782281879,-0.0459910771213,50.5326064662,33.5694422051,52.1426791024
906,2011-04-13,6.17,6.2,6.07,6.1,115900,6.09,370206.0,5.83433333333,6.1345,5.6402,5.8064,6.59794255307,6.1345,5.67105744693,0.207207386702,0.233280051159,-0.0260726644569,53.7435101645,46.1649141091,61.5533700629
907,2011-04-12,6.27,6.27,6.08,6.13,153800,6.12,372950.0,5.809,6.076,5.609,5.81306666667,6.77672533849,6.076,5.37527466151,0.233091933305,0.239798217273,-0.00670628396833,54.6224736439,59.835800185,69.091088904
908,2011-04-11,6.3,6.41,6.23,6.31,159600,6.3,376332.0,5.78366666667,6.0175,5.58,5.8196,6.86945950608,6.0175,5.16554049392,0.259685053757,0.241474788265,0.0182102654919,60.0986314121,69.0005599104,73.6387178052
909,2011-04-08,6.54,6.62,6.31,6.32,106700,6.31,379858.0,5.753,5.957,5.5444,5.8246,6.88567863117,5.957,5.02832136883,0.271523035807,0.236922221892,0.0346008139147,60.4110694657,71.212206047,74.2833146697
910,2011-04-07,6.48,6.63,6.46,6.5,206300,6.49,380814.0,5.73,5.9015,5.5112,5.83033333333,6.8686458008,5.9015,4.9343541992,0.28166499783,0.228272018414,0.0533929794163,66.1599361935,76.3157894737,73.5077751196
911,2011-04-06,6.41,6.5,6.36,6.46,205900,6.45,379116.0,5.69466666667,5.8395,5.4726,5.83526666667,6.80420669118,5.8395,4.87479330882,0.272185611207,0.21492377356,0.0572618376474,65.4821188954,78.0263157895,70.9091313203
912,2011-04-05,6.51,6.55,6.26,6.39,249000,6.38,379836.0,5.655,5.7775,5.433,5.83993333333,6.7340746181,5.7775,4.8209253819,0.260200130664,0.200608314148,0.0595918165157,64.3208042683,71.5789473684,66.1218910298
913,2011-04-04,6.43,6.69,6.37,6.51,471800,6.5,379438.0,5.62333333333,5.724,5.3926,5.8454,6.65696087807,5.724,4.79103912193,0.248244842688,0.185710360019,0.0625344826686,67.9604626,68.1100478469,63.3214928445
914,2011-04-01,6.18,6.5,5.97,6.4,362000,6.39,374600.0,5.603,5.662,5.3534,5.84986666667,6.54103583545,5.662,4.78296416455,0.217156531959,0.170076739352,0.0470797926071,66.3391726423,65.9212142765,62.1458952972
915,2011-03-31,5.9,6.27,5.9,6.07,581900,6.06,371270.0,5.58766666667,5.613,5.314,5.8558,6.42901715668,5.613,4.79698284332,0.185517902164,0.1583067912,0.027211110964,60.815538434,58.8773546274,61.4155917281
916,2011-03-30,6.03,6.03,5.77,5.95,211900,5.94,365338.0,5.57833333333,5.592,5.2812,5.86333333333,6.3810652698,5.592,4.8029347302,0.176037063376,0.151504013459,0.0245330499173,58.5169936491,60.3773546274,63.2379197379
917,2011-03-29,5.79,6.03,5.75,5.99,181200,5.98,367110.0,5.575,5.5615,5.2578,5.87293333333,6.3399413915,5.5615,4.7830586085,0.17359370822,0.14537075098,0.0282229572402,59.5991073696,63.4076576577,65.5185810811
918,2011-03-28,5.78,5.87,5.77,5.78,97900,5.77,369552.0,5.579,5.5305,5.2344,5.88153333333,6.28729521669,5.5305,4.77370478331,0.163877371882,0.13831501167,0.0255623602128,55.5960975272,63.0,68.0833333333
919,2011-03-25,5.93,5.95,5.74,5.74,148800,5.73,372492.0,5.59466666667,5.511,5.2108,5.89086666667,6.26114398618,5.511,4.76085601382,0.170473940821,0.131924421616,0.0385495192043,54.8040500231,66.1666666667,71.9399509804
920,2011-03-24,5.97,5.99,5.88,5.9,158100,5.89,375048.0,5.587,5.5055,5.1916,5.90093333333,6.25044227964,5.5055,4.76055772036,0.180486667854,0.122287041815,0.0581996260384,58.6926101757,69.5,70.7869532428
921,2011-03-23,5.97,6.0,5.85,5.96,309600,5.95,378166.0,5.58066666667,5.4825,5.1674,5.90693333333,6.20537965803,5.4825,4.75962034197,0.174350378825,0.107737135306,0.0666132435195,60.1794738039,73.6666666667,64.9480580694
922,2011-03-22,5.98,6.05,5.9,5.97,269700,5.96,380020.0,5.525,5.448,5.1434,5.92033333333,6.14170310652,5.448,4.75429689348,0.157873146228,0.0910838244259,0.066789321802,60.4163417011,78.4264705882,53.4451003959
923,2011-03-21,6.19,6.21,5.86,5.94,628400,5.93,381458.0,5.471,5.4215,5.1222,5.93393333333,6.07259983873,5.4215,4.77040016127,0.133527687222,0.0743864939754,0.0591411932466,59.9775094877,61.5546757164,36.317449095
924,2011-03-18,6.15,6.4,5.82,6.15,1027000,6.14,372308.0,5.41966666667,5.4195,5.1048,5.947,6.06443332989,5.4195,4.77456667011,0.103566353186,0.0596011956637,0.043965157522,64.6351352468,46.1444193062,24.8275181467
925,2011-03-17,5.5,6.26,5.41,6.12,1472900,6.11,354884.0,5.363,5.409,5.0838,5.95933333333,6.01145829731,5.409,4.80654170269,0.0424365580605,0.0486099062832,-0.00617334822273,64.2670380968,27.6548359729,17.2674177844
926,2011-03-16,4.98,5.14,4.92,4.93,212200,4.92,328596.0,5.31066666667,5.3925,5.064,5.97346666667,5.93082610934,5.3925,4.85417389066,-0.0331500031076,0.0501532433389,-0.0833032464465,42.0501031115,9.91586538462,15.4178828984
927,2011-03-15,5.0,5.04,4.9,4.96,214100,4.95,328632.0,5.29766666667,5.4385,5.0698,5.99506666667,5.9680384783,5.4385,4.9089615217,-0.00798012295319,0.0709790549505,-0.0789591779037,42.6711713245,15.5949519231,17.436054369
928,2011-03-14,5.15,5.17,5.04,5.1,171300,5.09,331484.0,5.28833333333,5.496,5.0716,6.01986666667,6.05418993183,5.496,4.93781006817,0.0212073258686,0.0907188494264,-0.0695115235578,45.5889613298,15.9040178571,17.5938101502
929,2011-03-11,5.23,5.28,5.12,5.21,115300,5.2,334714.0,5.26933333333,5.5535,5.072,6.0444,6.17050162074,5.5535,4.93649837926,0.043898108534,0.108096730316,-0.0641986217819,47.9827428157,20.2566964286,19.9839107924
930,2011-03-10,5.19,5.36,5.09,5.26,183700,5.24,337542.0,5.251,5.5685,5.0686,6.0674,6.16563566298,5.5685,4.97136433702,0.0610212804663,0.124146385761,-0.063125105295,49.0702591622,17.9885512673,20.199969943
931,2011-03-09,5.33,5.33,5.17,5.22,119600,5.2,341160.0,5.228,5.591,5.0658,6.09126666667,6.1736800151,5.591,5.0083199849,0.0768981831078,0.139927662085,-0.0630294789773,48.1980878072,16.2259750478,21.1019108848
932,2011-03-08,5.28,5.51,5.17,5.32,193400,5.3,346782.0,5.20333333333,5.5445,5.061,6.11753333333,6.3456610325,5.5445,4.7433389675,0.100117092543,0.155685031829,-0.0555679392863,50.1935025671,25.4644204259,21.9504301148
933,2011-03-07,5.45,5.45,5.21,5.27,183000,5.25,348900.0,5.17166666667,5.496,5.0504,6.14126666667,6.44875180399,5.496,4.54324819601,0.118114797422,0.169577016651,-0.0514622192292,49.217381277,21.120933031,19.5017722424
934,2011-03-04,5.63,5.65,5.35,5.42,220900,5.4,358588.0,5.14766666667,5.4525,5.037,6.1654,6.5156062976,5.4525,4.3893937024,0.144459289141,0.182442571458,-0.0379832823175,52.0595839801,21.5963150344,18.4653850709
935,2011-03-03,5.4,5.68,5.32,5.65,229000,5.63,365236.0,5.11466666667,5.404,5.0218,6.1874,6.55359819067,5.404,4.25440180933,0.160710487093,0.191938392038,-0.0312279049449,56.7235086334,19.6200519682,19.338761766
936,2011-03-02,5.39,5.5,5.31,5.34,139600,5.32,372786.0,5.074,5.349,4.9966,6.20753333333,6.55034757668,5.349,4.14765242332,0.155697136303,0.199745368274,-0.044048231971,51.2583859817,15.6697889361,23.274676718
937,2011-03-01,5.44,5.52,5.31,5.37,456600,5.35,390620.0,5.05533333333,5.309,4.9746,6.22926666667,6.56108466167,5.309,4.05691533833,0.178597228403,0.210757426267,-0.0321601978635,51.846747506,16.975384345,30.9070400912
938,2011-02-28,5.66,5.73,5.35,5.39,242500,5.37,390412.0,5.037,5.2745,4.952,6.2512,6.55564753249,5.2745,3.99335246751,0.202173749907,0.218797475733,-0.0166237258256,52.2177884786,25.0898218148,41.9999470424
939,2011-02-25,5.49,5.64,5.45,5.63,213400,5.61,391486.0,5.01066666667,5.2315,4.9276,6.2728,6.55139810213,5.2315,3.91160189787,0.227288891901,0.222953407189,0.0043354847115,56.7426640061,35.3637117762,52.5912303274
940,2011-02-24,5.26,5.47,5.26,5.44,278500,5.42,395042.0,4.98233333333,5.183,4.9002,6.29293333333,6.51201617748,5.183,3.85398382252,0.231602561981,0.221869536011,0.00973302596981,53.7996588675,46.1992424288,61.7683204014
941,2011-02-23,5.48,5.59,5.27,5.27,360500,5.25,400086.0,4.95733333333,5.1395,4.8772,6.314,6.48881797587,5.1395,3.79018202413,0.253085063618,0.219436279519,0.0336487840997,51.0317183567,61.3470121498,68.8277440284
942,2011-02-22,5.82,5.83,5.44,5.44,387600,5.42,405976.0,4.94033333333,5.1,4.8572,6.33526666667,6.47767920794,5.1,3.72232079206,0.294132401147,0.211024083494,0.083108317653,54.0379742589,67.454954955,72.972972973
943,2011-02-18,5.96,6.08,5.88,5.9,203500,5.88,459960.0,4.92266666667,5.0465,4.8344,6.35786666667,6.45007080334,5.0465,3.64292919666,0.324936349757,0.190247004081,0.134689345677,63.4260769417,72.0720720721,75.4342773625
944,2011-02-17,5.78,6.11,5.7,5.94,296400,5.92,485470.0,4.895,4.979,4.7946,6.37726666667,6.3411292156,4.979,3.6168707844,0.312690679078,0.156574667661,0.156116011416,64.3284778472,74.4369369369,77.080338317
945,2011-02-16,5.9,5.96,5.74,5.79,205700,5.77,521904.0,4.867,4.9035,4.7582,6.3952,6.21047016033,4.9035,3.59652983967,0.288439794988,0.117545664807,0.170894130181,62.469101877,77.9279279279,73.2050028752
946,2011-02-15,6.14,6.21,5.8,5.85,395300,5.83,528540.0,4.845,4.8355,4.7386,6.4158,6.09142157398,4.8355,3.57957842602,0.268564087731,0.0748221322621,0.193741955469,63.7024249176,77.3001725129,63.299262028
947,2011-02-14,6.26,6.38,6.03,6.11,541500,6.09,525988.0,4.824,4.782,4.7266,6.4362,5.94847503188,4.782,3.61552496812,0.233179980103,0.0263866433948,0.206793336708,69.1997789164,78.6563158904,50.5392307201
948,2011-02-11,5.52,6.49,5.5,6.25,937900,6.23,519168.0,4.78866666667,4.7175,4.7088,6.45546666667,5.71328863219,4.7175,3.72171136781,0.158152555746,-0.0253116907822,0.183464246528,72.3203063191,58.9355951696,34.4584850808
949,2011-02-10,5.72,5.88,5.47,5.51,900700,5.49,508840.0,4.751,4.635,4.6852,6.47286666667,5.34028008621,4.635,3.92971991379,0.0458353333013,-0.0711777524142,0.117013085715,64.4525535837,38.304964539,26.2523640662
950,2011-02-09,4.31,6.15,4.31,5.71,3188100,5.69,497676.0,4.73533333333,4.5985,4.679,6.4966,5.18430798902,4.5985,4.01269201098,-0.0228435263759,-0.100431023843,0.0775874974671,69.4034528846,26.2600472813,25.8427895981
951,2011-02-08,4.33,4.39,4.27,4.29,220200,4.27,444214.0,4.71566666667,4.5475,4.6692,6.5178,4.8430587928,4.5475,4.2519412072,-0.130534092344,-0.11982789821,-0.0107061941341,38.0099735046,14.3333333333,31.2807017544
952,2011-02-07,4.39,4.48,4.33,4.35,139000,4.33,442506.0,4.73866666667,4.571,4.6954,6.54913333333,4.85545737818,4.571,4.28654262182,-0.121505918836,-0.117151349676,-0.00435456915986,39.6043395298,26.1111111111,40.1973684211
953,2011-02-04,4.45,4.52,4.38,4.4,184600,4.38,447668.0,4.75333333333,4.599,4.7238,6.5802,4.90065543257,4.599,4.29734456743,-0.114324418558,-0.116062707386,0.00173828882856,40.9329497135,36.6666666667,46.7032163743
954,2011-02-03,4.56,4.56,4.43,4.45,149000,4.43,454064.0,4.76,4.6325,4.7598,6.61246666667,4.98314939755,4.6325,4.28185060245,-0.108586221205,-0.116497279593,0.00791105838821,42.2490440032,48.0116959064,50.2558479532
955,2011-02-02,4.51,4.66,4.49,4.55,108800,4.53,455960.0,4.767,4.665,4.796,6.6454,5.05968975158,4.665,4.27031024842,-0.104773667912,-0.118475044191,0.0137013762782,44.9320096943,50.0,48.7792397661
956,2011-02-01,4.67,4.77,4.51,4.54,253100,4.52,456332.0,4.76166666667,4.694,4.828,6.6784,5.13333586241,4.694,4.25466413759,-0.108565301085,-0.12190038826,0.0133350871749,44.6053607282,52.134502924,44.7261382623
957,2011-01-31,4.52,4.68,4.35,4.68,322900,4.66,454800.0,4.75166666667,4.728,4.8608,6.7128,5.21685989813,4.728,4.23914010187,-0.110807490319,-0.125234160054,0.0144266697347,48.3323981879,50.8771929825,37.9078197254
958,2011-01-28,4.66,4.71,4.53,4.53,335900,4.51,452526.0,4.737,4.7465,4.888,6.74826666667,5.25432969586,4.7465,4.23867030414,-0.126312139264,-0.128840827487,0.00252868822352,43.6478732762,42.1052631579,29.0684447595
959,2011-01-27,4.57,4.71,4.57,4.66,154500,4.64,451022.0,4.725,4.776,4.9202,6.78586666667,5.29843277079,4.776,4.25356722921,-0.128991714619,-0.129472999543,0.00048128492455,47.0833073675,33.787593985,20.827922695
960,2011-01-26,4.48,4.59,4.48,4.57,121400,4.55,451048.0,4.71166666667,4.795,4.9548,6.81966666667,5.32673301571,4.795,4.26326698429,-0.143771947677,-0.129593320774,-0.0141786269028,44.2631357414,24.8612287762,16.3423378154
961,2011-01-25,4.32,4.5,4.32,4.48,241900,4.46,451066.0,4.70233333333,4.8225,4.9928,6.85453333333,5.36167993286,4.8225,4.28332006714,-0.151382034997,-0.126048664049,-0.0253333709478,41.361232015,15.5196931188,14.8070552381
962,2011-01-24,4.54,4.59,4.35,4.37,229100,4.35,449100.0,4.69533333333,4.8475,5.0344,6.8912,5.36684092849,4.8475,4.32815907151,-0.149729716848,-0.119715321312,-0.030014395536,37.6787366459,9.14317490022,15.6759959635
963,2011-01-21,4.48,4.59,4.42,4.55,229900,4.53,449096.0,4.693,4.8685,5.0824,6.92846666667,5.34074040488,4.8685,4.39625959512,-0.134242871257,-0.112211722428,-0.0220311488287,41.6534264579,15.8452544662,19.8775440106
964,2011-01-20,4.41,4.5,4.38,4.43,195500,4.41,449280.0,4.67166666667,4.871,5.125,6.96573333333,5.33695707957,4.871,4.40504292043,-0.130850673847,-0.106703935221,-0.0241467386265,37.5770402532,18.7200984669,21.6915468498
965,2011-01-19,4.77,4.77,4.41,4.43,285300,4.41,449428.0,4.66133333333,4.8825,5.1692,7.00306666667,5.31446643388,4.8825,4.45053356612,-0.11239953208,-0.100667250564,-0.0117322815156,37.5770402532,18.9954560208,20.9814848809
966,2011-01-18,4.82,4.89,4.69,4.78,300500,4.76,448168.0,4.674,4.8805,5.2094,7.04073333333,5.32111207428,4.8805,4.43988792572,-0.0872142633934,-0.0977341801851,0.0105199167917,45.5867332355,25.9493670886,21.5287474369
967,2011-01-14,4.61,4.88,4.6,4.82,303300,4.8,448964.0,4.68966666667,4.8535,5.2424,7.0764,5.37431762643,4.8535,4.33268237357,-0.0894364948027,-0.100364159383,0.0109276645803,46.641789866,23.1012658228,22.4318536042
968,2011-01-13,4.76,4.76,4.57,4.6,244900,4.58,458754.0,4.703,4.8245,5.272,7.11046666667,5.41010993844,4.8245,4.23889006156,-0.095044702968,-0.103096075528,0.00805137256013,39.489482442,15.8798505914,27.612880394
969,2011-01-12,4.72,4.83,4.64,4.78,276600,4.76,459266.0,4.71866666667,4.803,5.3178,7.14526666667,5.44851065057,4.803,4.15748934943,-0.0784203475285,-0.105108918668,0.0266885711397,43.9669953739,21.1845062447,39.1373415926
970,2011-01-11,4.78,4.78,4.54,4.69,314000,4.67,461628.0,4.73266666667,4.777,5.358,7.17886666667,5.4646365319,4.777,4.0893634681,-0.0743882378944,-0.111781061453,0.0373928235587,40.8533368904,29.5617917581,53.6585287941
971,2011-01-10,4.91,4.91,4.72,4.76,402300,4.74,474182.0,4.75033333333,4.757,5.4016,7.21253333333,5.47614115443,4.757,4.03785884557,-0.058996152683,-0.121129267343,0.0621331146598,42.5614405821,43.8253729817,67.2113866807
972,2011-01-07,5.09,5.09,4.87,4.91,341600,4.89,468658.0,4.77833333333,4.7325,5.44,7.24373333333,5.4822966391,4.7325,3.9827033609,-0.0456194017014,-0.136662546008,0.0910431443063,46.4236373547,61.9776953861,78.0139269129
973,2011-01-06,5.09,5.15,5.01,5.07,170900,5.05,464624.0,4.807,4.702,5.4758,7.273,5.4698437341,4.702,3.9341562659,-0.0431549755147,-0.159423332084,0.11626835657,51.0082487667,79.2692550505,84.444106241
974,2011-01-05,5.13,5.19,5.03,5.1,155800,5.08,478136.0,4.84466666667,4.644,5.5094,7.3032,5.46527705435,4.644,3.82272294565,-0.0556726719016,-0.188490421227,0.132817749325,51.9006345074,83.7732233045,85.9958400974
975,2011-01-04,5.24,5.33,5.06,5.13,158500,5.11,480302.0,4.88333333333,4.595,5.5436,7.33646666667,5.41854113437,4.595,3.77145886563,-0.0738945655168,-0.221694858558,0.147800293041,52.7576987352,87.0355339105,87.4071854341
976,2011-01-03,5.09,5.24,5.09,5.22,214000,5.2,480634.0,4.91733333333,4.579,5.5774,7.36913333333,5.37221875923,4.579,3.78578124077,-0.0991320433237,-0.258644931818,0.159512888495,55.3016903717,87.6984126984,88.332658625
977,2010-12-31,5.1,5.19,5.04,5.05,356700,5.03,480954.0,4.94933333333,4.5805,5.6074,7.39926666667,5.37865975844,4.5805,3.78234024156,-0.139065958003,-0.298523153942,0.159457195939,51.1719687442,85.4761904762,88.8174854327
978,2010-12-30,5.07,5.16,5.01,5.12,332800,5.1,501114.0,4.98233333333,4.589,5.6386,7.43253333333,5.4102648781,4.589,3.7677351219,-0.170704286078,-0.338387452927,0.167683166848,53.0458654744,89.4186046512,89.9372763393
979,2010-12-29,5.11,5.11,5.0,5.04,256700,5.02,499668.0,5.01633333333,4.5865,5.6662,7.4674,5.40156502808,4.5865,3.77143497192,-0.215730598842,-0.380308244639,0.164577645797,51.1473737572,90.7374266742,89.7360433085
980,2010-12-28,4.98,5.24,4.98,5.12,364600,5.1,500280.0,5.06133333333,4.5945,5.698,7.50086666667,5.43009499759,4.5945,3.75890500241,-0.261917192967,-0.421452656088,0.159535463121,53.1426039788,89.6377199293,84.881644929
981,2010-12-27,4.86,5.0,4.74,4.98,400700,4.96,500276.0,5.10633333333,4.5995,5.7286,7.5324,5.44869903438,4.5995,3.75030096562,-0.325203832117,-0.461336521868,0.136132689751,49.9712658042,89.9553541024,76.9800076759
982,2010-12-23,4.62,4.83,4.61,4.79,299300,4.77,504928.0,5.159,4.6305,5.7646,7.56406666667,5.57312346671,4.6305,3.68787653329,-0.386995813983,-0.495369694306,0.108373880322,45.3063689699,88.6136725282,64.5462244593
983,2010-12-22,4.66,4.73,4.37,4.6,667400,4.58,501852.0,5.225,4.6795,5.8176,7.5978,5.74417788556,4.6795,3.61482211444,-0.440890368089,-0.522463164386,0.0815727962971,40.1218793857,71.319833156,48.2753461954
984,2010-12-21,4.42,4.74,4.42,4.66,553300,4.64,490608.0,5.29433333333,4.7595,5.8702,7.6334,6.01212085245,4.7595,3.50687914755,-0.483921011794,-0.542856363461,0.0589353516667,41.2689920588,58.031170917,36.487076936
985,2010-12-20,4.33,4.42,4.25,4.39,606500,4.37,481686.0,5.36033333333,4.8395,5.9238,7.672,6.25080400694,4.8395,3.42819599306,-0.537914000496,-0.557590201377,0.019676200881,33.3005192887,40.2202212359,27.8598508055
986,2010-12-17,4.23,4.31,4.19,4.24,1031300,4.22,471656.0,5.42866666667,4.9275,5.9862,7.7138,6.43211789169,4.9275,3.42288210831,-0.57151357516,-0.562509251598,-0.00900432356253,28.2807197708,23.5301594728,23.815237415
987,2010-12-16,4.17,4.25,4.14,4.24,446200,4.22,454058.0,5.50166666667,5.0245,6.0486,7.75866666667,6.58829634224,5.0245,3.46070365776,-0.590813198456,-0.560258170707,-0.030555027749,28.2807197708,24.1667561185,22.3464241367
988,2010-12-15,4.27,4.27,4.15,4.17,296200,4.16,448890.0,5.57033333333,5.1145,6.1132,7.80193333333,6.69444272048,5.1145,3.53455727952,-0.606852889303,-0.55261941377,-0.0542334755336,26.041007016,23.5222663949,19.4945417071
989,2010-12-14,4.31,4.34,4.25,4.26,391200,4.24,447348.0,5.661,5.213,6.1764,7.84593333333,6.79075917047,5.213,3.63524082953,-0.611371143595,-0.539061044886,-0.0723100987087,27.0495061447,24.0417676737,15.5685523293
990,2010-12-13,4.34,4.35,4.25,4.29,530700,4.27,442772.0,5.74533333333,5.3195,6.233,7.8888,6.91304290811,5.3195,3.72595709189,-0.617409044257,-0.520983520209,-0.0964255240477,27.3776834253,17.6549063598,11.4287681944
991,2010-12-10,4.32,4.33,4.12,4.27,655000,4.24,434832.0,5.83133333333,5.4285,6.2926,7.9292,7.02368368848,5.4285,3.83331631152,-0.619189651367,-0.496877139197,-0.12231251217,26.8281204833,12.7592263999,9.98864056453
992,2010-12-09,4.4,4.41,4.19,4.3,3086800,4.27,427440.0,5.91166666667,5.543,6.3506,7.97053333333,7.11773934351,5.543,3.96826065649,-0.610419594967,-0.466299011155,-0.144120583813,27.1139098492,7.81830888369,9.67637921343
993,2010-12-08,4.12,4.17,3.91,3.91,1479000,3.89,369800.0,5.99166666667,5.6665,6.4088,8.01086666667,7.21920441488,5.6665,4.11379558512,-0.593401528873,-0.430268865202,-0.163132663671,16.3582347247,7.48263113433,10.6380532388
994,2010-12-07,4.4,4.43,3.93,4.12,2118100,4.1,343970.0,6.08633333333,5.805,6.4744,8.05446666667,7.19155688668,5.805,4.41844311332,-0.523339902273,-0.389485699284,-0.13385420299,17.6613632428,11.8943958402,10.4428378779
995,2010-12-06,5.22,5.22,4.78,4.81,537500,4.78,306648.0,6.176,5.931,6.5366,8.09733333333,7.12709196971,5.931,4.73490803029,-0.447685391199,-0.356022148537,-0.0916632426628,23.3322771253,11.5101809955,8.16674016412
996,2010-12-03,5.2,5.27,5.2,5.25,267700,5.22,298300.0,6.243,6.0125,6.592,8.1374,7.11002220934,6.0125,4.91497779066,-0.414865482284,-0.333106337871,-0.0817591444128,28.8098587943,11.665004985,5.69809322034
997,2010-12-02,5.09,5.26,5.08,5.22,200500,5.19,295514.0,6.292,6.0715,6.6314,8.1762,7.12469086589,6.0715,5.01830913411,-0.41174093698,-0.312666551768,-0.0990743852122,27.7357729522,6.70176969093,4.29672292646
998,2010-12-01,5.28,5.28,4.98,5.07,421500,5.04,294964.0,6.33833333333,6.1255,6.6728,8.2152,7.10681493416,6.1255,5.14418506584,-0.398709376436,-0.287897955465,-0.110811420971,22.292401838,2.79000498504,5.84747097992
999,2010-11-30,5.19,5.27,5.17,5.2,342500,5.17,289788.0,6.386,6.2165,6.721,8.25573333333,7.12420645035,6.2165,5.30879354965,-0.361004230048,-0.260195100222,-0.100809129826,23.7309595569,1.63559322034,9.1440173527
1000,2010-11-29,5.57,5.57,5.22,5.22,515000,5.19,287242.0,6.43366666667,6.296,6.7696,8.2926,7.10703390805,6.296,5.48496609195,-0.320864145313,-0.234992817765,-0.0858713275474,23.9517650696,6.05952380952,13.7202380952
1001,2010-11-26,5.71,5.75,5.58,5.6,134800,5.57,282388.0,6.48133333333,6.3785,6.8122,8.33466666667,7.06032915749,6.3785,5.69667084251,-0.267000049591,-0.213524985878,-0.0534750637126,28.6558716591,12.9047619048,16.0
1002,2010-11-24,6.02,6.14,5.75,5.77,397100,5.74,281376.0,6.52066666667,6.4325,6.8462,8.37626666667,7.02427276044,6.4325,5.84072723956,-0.233057148512,-0.20015621995,-0.0329009285619,31.2015047712,15.9761904762,15.2577838828
1003,2010-11-23,6.2,6.26,6.12,6.2,504400,6.16,275074.0,6.57633333333,6.479,6.8788,8.4174,6.99676056242,6.479,5.96123943758,-0.203652832611,-0.19193098781,-0.0117218448017,39.4281660372,19.9404761905,14.1229694219
1004,2010-11-22,6.11,6.34,6.07,6.26,243800,6.22,267276.0,6.61066666667,6.5065,6.9016,8.4552,7.02047568036,6.5065,5.99252431964,-0.206941828206,-0.189000526609,-0.0179413015963,40.8227625614,15.1785714286,12.7391202119
1005,2010-11-19,6.19,6.19,6.11,6.15,127400,6.11,266000.0,6.64666666667,6.534,6.9266,8.491,7.0511228094,6.534,6.0168771906,-0.214238810535,-0.18451520121,-0.0297236093253,37.0311447829,9.9358974359,15.0895856738
1006,2010-11-18,6.08,6.18,6.06,6.18,176500,6.14,267698.0,6.692,6.5675,6.951,8.5276,7.06729495796,6.5675,6.06770504204,-0.209236212556,-0.177084298879,-0.0321519136772,37.6419258763,11.4369326326,22.7419705001
1007,2010-11-17,6.14,6.18,6.03,6.04,209200,6.0,266958.0,6.73133333333,6.5945,6.9694,8.5638,7.06513680264,6.5945,6.12386319736,-0.202862188043,-0.16904632046,-0.0338158675838,32.841955149,14.4050793507,32.382737342
1008,2010-11-16,6.31,6.35,6.09,6.14,260700,6.1,268680.0,6.779,6.623,6.9908,8.60113333333,7.01898484819,6.623,6.22701515181,-0.177521346748,-0.160592353564,-0.0169289931846,34.6088913272,24.5804332761,42.7172783151
1009,2010-11-15,6.49,6.49,6.35,6.39,155800,6.35,267182.0,6.81866666667,6.641,7.0092,8.63986666667,6.97547869887,6.641,6.30652130113,-0.152776907906,-0.156360105267,0.00358319736121,39.5483005804,40.5454367411,49.4944672934
1010,2010-11-12,6.49,6.58,6.41,6.47,122300,6.43,269630.0,6.842,6.653,7.025,8.67726666667,6.96720375555,6.653,6.33879624445,-0.144426341851,-0.157255904608,0.0128295627567,41.2997602832,50.0,49.4087837838
1011,2010-11-11,6.69,6.75,6.52,6.56,143600,6.52,295932.0,6.86866666667,6.662,7.0404,8.7146,6.9648266831,6.662,6.3591733169,-0.13981269075,-0.160463295297,0.0206506045468,43.3031220029,55.7432432432,43.75
1012,2010-11-10,6.72,6.87,6.61,6.77,228900,6.73,304450.0,6.889,6.673,7.0524,8.75073333333,6.97618970959,6.673,6.36981029041,-0.141053991479,-0.165625946434,0.0245719549543,48.3887991507,51.6891891892,38.6034219704
1013,2010-11-09,6.67,6.75,6.63,6.68,239100,6.64,316090.0,6.90366666667,6.7065,7.0612,8.78653333333,7.15728930777,6.7065,6.25571069223,-0.161968466352,-0.171768935172,0.00980046881986,45.8583378872,40.2027027027,37.0994986922
1014,2010-11-08,6.43,6.67,6.32,6.64,202900,6.6,314458.0,6.92066666667,6.734,7.0712,8.82333333333,7.23883264554,6.734,6.22916735446,-0.177143400225,-0.174219052377,-0.0029243478479,44.7401935006,27.3648648649,42.5272839083
1015,2010-11-05,6.45,6.58,6.4,6.44,222300,6.4,315576.0,6.94033333333,6.769,7.0842,8.86146666667,7.33612961481,6.769,6.20187038519,-0.189862775456,-0.173487965415,-0.0163748100405,38.8796565192,35.1569311247,54.2649585593
1016,2010-11-04,6.33,6.47,6.27,6.43,340300,6.39,314218.0,6.97833333333,6.8225,7.0994,8.89966666667,7.45365370553,6.8225,6.19134629447,-0.182972046743,-0.169394262905,-0.0135777838384,38.5772139746,45.6734960767,61.030423097
1017,2010-11-03,6.87,6.87,6.25,6.3,792800,6.26,310110.0,7.00466666667,6.869,7.1186,8.93753333333,7.5145044539,6.869,6.2234955461,-0.17049737778,-0.165999816945,-0.00449756083446,34.6751518941,61.9138435671,63.0346453403
1018,2010-11-02,6.88,6.94,6.83,6.89,270500,6.85,306578.0,7.03766666667,6.9275,7.1382,8.9726,7.56818322906,6.9275,6.28681677094,-0.138858838444,-0.164875426737,0.0260165882926,47.3526250193,74.3155634688,57.8320518869
1019,2010-11-01,6.92,6.99,6.75,6.79,394700,6.75,305788.0,7.05733333333,6.9495,7.144,9.00353333333,7.61332151215,6.9495,6.28567848785,-0.156529519678,-0.17137957381,0.0148500541317,44.1382843658,62.2187892752,48.4734064484
1020,2010-10-29,6.67,6.93,6.61,6.87,941700,6.83,318022.0,7.08533333333,6.9645,7.1532,9.03653333333,7.62678317206,6.9645,6.30221682794,-0.16662512344,-0.175092087343,0.00846696390287,46.2352620369,53.6903850503,41.7750261822
1021,2010-10-28,6.76,6.8,6.62,6.68,126100,6.64,331742.0,7.10133333333,6.9845,7.1518,9.06873333333,7.65822026836,6.9845,6.31077973164,-0.185232601355,-0.177208828319,-0.00802377303631,39.9427714374,41.1034697532,36.3569770607
1022,2010-10-27,6.7,6.75,6.6,6.7,139900,6.66,331624.0,7.122,7.009,7.1776,9.10306666667,7.6722013269,7.009,6.3457986731,-0.186942762601,-0.17520288506,-0.0117398775416,40.4049947094,36.8809817149,31.7667073439
1023,2010-10-26,6.76,6.77,6.65,6.75,846500,6.71,331806.0,7.14533333333,7.0345,7.2038,9.13793333333,7.6873545014,7.0345,6.3816454986,-0.188442746409,-0.172267915674,-0.0161748307344,41.5203941047,35.4252682103,26.524300168
1024,2010-10-25,6.88,6.92,6.71,6.81,264100,6.77,318518.0,7.165,7.0565,7.2268,9.17246666667,7.69909707438,7.0565,6.41390292562,-0.192707194884,-0.168224207991,-0.0244829868934,42.8381113464,32.0181885643,20.2339270008
1025,2010-10-22,6.75,6.83,6.72,6.82,175100,6.78,315180.0,7.18833333333,7.0775,7.2506,9.20693333333,7.71392360107,7.0775,6.44107639893,-0.201456259012,-0.162103461267,-0.0393527977452,43.0495544322,22.7423908862,13.6996447328
1026,2010-10-21,6.66,6.79,6.61,6.72,230000,6.68,314116.0,7.20666666667,7.1155,7.279,9.2424,7.77618070957,7.1155,6.45481929043,-0.210711155278,-0.152265261831,-0.0584458934472,40.3139630088,15.9113530112,14.1941943887
1027,2010-10-20,6.53,6.63,6.37,6.61,1364700,6.57,313242.0,7.21933333333,7.1405,7.308,9.27926666667,7.77681674503,7.1405,6.50418325497,-0.209277060617,-0.137653788469,-0.0716232721477,37.2344395249,10.2637755416,18.1590875436
1028,2010-10-19,6.62,6.64,6.48,6.5,260500,6.46,288294.0,7.236,7.1745,7.3494,9.31573333333,7.76480415889,7.1745,6.58419584111,-0.193202604367,-0.119747970432,-0.0734546339352,34.0760223191,5.88105949219,26.8220260493
1029,2010-10-18,6.6,6.65,6.5,6.63,287300,6.59,284670.0,7.25466666667,7.2235,7.395,9.353,7.7397664041,7.2235,6.7072335959,-0.158675533236,-0.101384311948,-0.057291221288,36.0677653436,24.7205895099,42.0184278429
1030,2010-10-15,6.85,6.86,6.58,6.65,364400,6.61,281726.0,7.273,7.2735,7.4356,9.3888,7.74161430228,7.2735,6.80538569772,-0.125534791055,-0.0870615066264,-0.0384732844285,36.37146702,31.7709256306,51.2518143001
1031,2010-10-14,7.26,7.3,6.76,6.78,633300,6.74,276038.0,7.29266666667,7.3085,7.4794,9.42446666667,7.67951347684,7.3085,6.93748652316,-0.0834455558915,-0.0774431855192,-0.00600237037227,38.318933731,44.9155295647,60.8633853151
1032,2010-10-13,7.23,7.5,7.22,7.44,145500,7.4,265042.0,7.30533333333,7.3345,7.527,9.46026666667,7.61574544441,7.3345,7.05325455559,-0.0417469967427,-0.0759425929262,0.0341955961834,51.2573561405,66.6666666667,66.7345446951
1033,2010-10-12,7.33,7.33,7.19,7.23,105200,7.19,264068.0,7.29766666667,7.3325,7.5558,9.4918,7.6112741021,7.3325,7.0537258979,-0.0551172431129,-0.084491491972,0.0293742488591,45.8559155995,61.6541353383,62.3570645363
1034,2010-10-11,7.51,7.51,7.34,7.34,107200,7.3,264294.0,7.296,7.338,7.589,9.526,7.61277991193,7.338,7.06322008807,-0.0499990158529,-0.0918350541868,0.0418360383339,48.4683631364,70.2172096909,57.7752592265
1035,2010-10-08,7.38,7.55,7.28,7.51,105000,7.47,266442.0,7.29433333333,7.3465,7.6166,9.55946666667,7.63133503998,7.3465,7.06166496002,-0.0539390382831,-0.10229406377,0.0483550254872,52.7837961772,68.4001670844,47.584839857
1036,2010-10-07,7.52,7.57,7.32,7.36,151400,7.32,267436.0,7.284,7.3395,7.6398,9.592,7.61463451256,7.3395,7.06436548744,-0.0754924627191,-0.114382820142,0.038890357423,49.0683457993,49.1567460317,36.1373716153
1037,2010-10-06,7.33,7.48,7.29,7.47,187800,7.43,266924.0,7.285,7.3265,7.6646,9.6256,7.62045747992,7.3265,7.03254252008,-0.0866316704505,-0.124105409498,0.0374737390474,51.8465016058,43.326914099,30.0981851074
1038,2010-10-05,7.17,7.36,7.04,7.33,219100,7.29,268990.0,7.27866666667,7.3085,7.6884,9.65586666667,7.60911769742,7.3085,7.00788230258,-0.110789253112,-0.13347384426,0.0226845911477,48.3933851871,29.4555322129,24.3723135806
1039,2010-10-04,7.27,7.3,7.0,7.09,162400,7.05,270408.0,7.27366666667,7.295,7.7144,9.6866,7.61421779399,7.295,6.97578220601,-0.125757087664,-0.139144992047,0.0133879043828,41.7432901469,22.6102941176,25.4867422765
1040,2010-10-01,7.27,7.29,7.11,7.27,133700,7.23,274364.0,7.279,7.2995,7.7456,9.71873333333,7.60943386391,7.2995,6.98956613609,-0.118595929762,-0.142491968142,0.0238960383801,45.8587802255,25.0,27.4196233533
1041,2010-09-30,7.26,7.33,7.05,7.17,285400,7.13,275936.0,7.26333333333,7.298,7.7722,9.75026666667,7.60877966471,7.298,6.98722033529,-0.126057929244,-0.148465977737,0.0224080484935,42.9575945447,20.4234279919,29.7314739527
1042,2010-09-29,7.13,7.26,7.08,7.21,204800,7.17,272724.0,7.29,7.2975,7.798,9.7828,7.60913279673,7.2975,6.98586720327,-0.123566765975,-0.154067989861,0.0305012238857,43.8299505968,33.9132469964,36.2937269245
1043,2010-09-28,7.23,7.28,7.04,7.19,187500,7.15,270514.0,7.31666666667,7.2975,7.8304,9.8174,7.60913279673,7.2975,6.98586720327,-0.122662528261,-0.161693295832,0.0390307675707,43.295314732,30.341818425,40.9709049528
1044,2010-09-27,7.55,7.55,7.14,7.23,252000,7.19,268708.0,7.34033333333,7.297,7.8628,9.85266666667,7.60935236513,7.297,6.98464763487,-0.117687846259,-0.171450987725,0.0537631414653,44.074400022,34.2474023977,49.5350903703
1045,2010-09-24,7.33,7.63,7.32,7.58,120100,7.54,266640.0,7.366,7.3,7.8908,9.88706666667,7.61086974764,7.3,6.98913025236,-0.113699247104,-0.184891773091,0.0711925259869,51.6218661674,46.672439879,58.1876186516
1046,2010-09-23,7.23,7.35,7.2,7.22,128400,7.18,266272.0,7.388,7.281,7.9168,9.9208,7.56651006987,7.281,6.99548993013,-0.142590900588,-0.202689904588,0.0600990039997,42.1621871762,52.6219591097,64.2568572099
1047,2010-09-22,7.48,7.57,7.21,7.29,173000,7.25,266826.0,7.41966666667,7.2895,7.9506,9.95646666667,7.57735239273,7.2895,7.00164760727,-0.140738561572,-0.217714655588,0.0769760940159,43.7052063343,64.598560095,66.8018856033
1048,2010-09-21,7.65,7.72,7.48,7.48,162700,7.44,266904.0,7.466,7.289,7.9848,9.99053333333,7.57688192024,7.289,7.00111807976,-0.143454469786,-0.236958679092,0.0935042093054,48.1462104284,68.8575155229,68.8232299062
1049,2010-09-20,7.4,7.65,7.33,7.63,215200,7.58,266450.0,7.50933333333,7.274,8.0124,10.0243333333,7.55158962517,7.274,6.99641037483,-0.164179800347,-0.260334731418,0.0961549310713,52.0213041333,70.9493941119,71.5461942441
1050,2010-09-17,7.38,7.59,7.28,7.35,272300,7.31,265754.0,7.54366666667,7.255,8.0412,10.0569333333,7.47945489525,7.255,7.03054510475,-0.203517516075,-0.284373464186,0.0808559481107,44.2426530985,62.8020726833,70.7428770119
1051,2010-09-16,7.42,7.49,7.25,7.3,84200,7.26,264844.0,7.59333333333,7.2275,8.072,10.0908666667,7.52238133206,7.2275,6.93261866794,-0.22225740028,-0.304587451214,0.0823300509332,42.7022998472,72.6839373066,69.6872563982
1052,2010-09-15,7.29,7.45,7.24,7.4,82000,7.36,268936.0,7.65533333333,7.261,8.1058,10.1244,7.69880817717,7.261,6.82319182283,-0.237852563025,-0.325169963947,0.0873174009215,45.0116426418,79.7493728746,61.0907401566
1053,2010-09-14,7.51,7.54,7.34,7.34,114500,7.3,271224.0,7.70466666667,7.2915,8.138,10.1571333333,7.83582618897,7.2915,6.74717381103,-0.264479806194,-0.346999314177,0.0825195079832,43.3033547315,67.7361251829,48.2012692784
1054,2010-09-13,7.41,7.52,7.39,7.51,180000,7.47,270616.0,7.75633333333,7.3195,8.176,10.1893333333,7.92508979516,7.3195,6.71391020484,-0.288509781203,-0.367629191173,0.0791194099702,47.157751303,58.5795902285,41.0104104184
1055,2010-09-10,7.17,7.45,7.16,7.37,212300,7.24,270240.0,7.79666666667,7.344,8.2136,10.2188666667,8.01459376675,7.344,6.67340623325,-0.332293352488,-0.387409043666,0.055115691178,43.2983019172,38.2978723404,36.5945288218
1056,2010-09-09,7.17,7.18,7.03,7.1,139500,6.97,270064.0,7.84,7.3875,8.2562,10.2526666667,8.16374416262,7.3875,6.61125583738,-0.369089207437,-0.40118796646,0.0320987590235,34.7659344776,28.1914893617,38.5526711525
1057,2010-09-08,7.08,7.22,7.03,7.11,295300,6.98,269982.0,7.89,7.441,8.3082,10.2844,8.27588681868,7.441,6.60611318132,-0.383194619282,-0.409212656216,0.0260180369344,34.9467902314,38.9726897428,42.5377612303
1058,2010-09-07,7.19,7.19,7.01,7.06,185800,6.93,266048.0,7.94166666667,7.5195,8.366,10.3176666667,8.49801877856,7.5195,6.54098122144,-0.396642695938,-0.41571716545,0.0190744695118,33.3366987189,40.9160638423,42.2019476132
1059,2010-09-03,7.35,7.43,7.17,7.18,278200,7.05,268262.0,7.994,7.6055,8.4282,10.3493333333,8.70252278919,7.6055,6.50847721081,-0.402947074565,-0.420485782828,0.0175387082623,35.2828284256,46.1304416631,41.1288645678
1060,2010-09-02,7.13,7.45,7.07,7.24,1437400,7.11,264312.0,8.043,7.6795,8.4792,10.3809333333,8.84900374091,7.6795,6.50999625909,-0.417350887656,-0.424870459893,0.00751957223693,36.265778634,44.1318496731,39.0577187995
1061,2010-09-01,7.34,7.34,7.07,7.16,569500,7.03,237750.0,8.08833333333,7.7595,8.5304,10.4126666667,9.0136367549,7.7595,6.5053632451,-0.435773923454,-0.426750352952,-0.00902357050124,33.9889039767,37.6294352745,37.2012945582
1062,2010-08-31,7.12,7.27,6.98,7.21,810900,7.08,229352.0,8.13166666667,7.8595,8.5868,10.4457333333,9.22084455594,7.8595,6.49815544406,-0.444804432076,-0.424494460327,-0.0203099717486,34.7085149968,36.6237316605,35.7664755262
1063,2010-08-30,7.28,7.31,7.17,7.18,157500,7.05,215574.0,8.18566666667,7.943,8.6418,10.4790666667,9.33916761171,7.943,6.54683238829,-0.454951671341,-0.41941696739,-0.0355347039514,33.9291568833,37.8458585902,34.2347739078
1064,2010-08-27,7.3,7.31,7.15,7.29,258800,7.16,217612.0,8.24,8.0285,8.701,10.5088666667,9.4366800311,8.0285,6.6203199689,-0.458231214239,-0.410533291402,-0.047697922837,35.3664961731,36.7061527078,29.9937233382
1065,2010-08-26,7.42,7.44,7.17,7.2,154400,7.07,213632.0,8.28466666667,8.1,8.7558,10.5386666667,9.49609455267,8.1,6.70390544733,-0.46695192224,-0.398608810693,-0.0683431115468,33.2170991151,31.8901591462,25.0231064856
1066,2010-08-25,7.23,7.4,7.09,7.39,134900,7.26,212988.0,8.34066666667,8.1735,8.8134,10.5694666667,9.52644160997,8.1735,6.82055839003,-0.462127052491,-0.381523032806,-0.0806040196853,35.5335549069,30.4969251872,20.6102626286
1067,2010-08-24,7.07,7.35,7.07,7.28,616200,7.15,213586.0,8.39133333333,8.234,8.8682,10.602,9.54907262157,8.234,6.91892737843,-0.468592370704,-0.361372027885,-0.107220342819,33.0225634421,20.8816563117,15.247923711
1068,2010-08-23,7.31,7.34,7.1,7.18,231000,7.05,203664.0,8.44866666667,8.303,8.9212,10.6352,9.55385730601,8.303,7.05214269399,-0.458828578739,-0.33456694218,-0.124261636559,30.7454619799,16.8236852972,12.0202632562
1069,2010-08-20,6.78,7.35,6.78,7.25,1006400,7.12,201610.0,8.50466666667,8.3755,8.974,10.6664,9.52126568285,8.3755,7.22973431715,-0.429510741304,-0.30350153304,-0.126009208264,31.4402514501,14.2387837182,9.83154406093
1070,2010-08-19,7.96,7.98,6.71,6.8,1627700,6.68,184996.0,8.56533333333,8.4455,9.0254,10.6955333333,9.472582762,8.4455,7.418417238,-0.392970363469,-0.271999230974,-0.120971132494,20.7496202688,9.04756951668,7.4738328691
1071,2010-08-18,7.98,8.03,7.78,7.97,120200,7.83,157910.0,8.635,8.5355,9.0842,10.7294,9.23244978298,8.5355,7.83855021702,-0.294797439562,-0.241756447851,-0.0530409917117,33.2773108841,7.97101449275,7.614753385
1072,2010-08-17,8.0,8.07,7.91,8.01,149000,7.87,159868.0,8.669,8.56,9.1136,10.7543333333,9.20847513445,8.56,7.91152486555,-0.284332399383,-0.228496199923,-0.0558361994603,33.9275953691,8.0688085161,10.4355269426
1073,2010-08-16,8.0,8.07,7.83,7.9,182100,7.76,160764.0,8.70233333333,8.601,9.1394,10.7781333333,9.20752782294,8.601,7.99447217706,-0.270912185927,-0.214537150058,-0.0563750358691,30.4573985145,4.80793895088,13.6861819564
1074,2010-08-13,8.2,8.27,8.0,8.0,97200,7.86,161624.0,8.747,8.6465,9.1734,10.8054,9.16616431473,8.6465,8.12683568527,-0.238642572593,-0.20044339109,-0.0381991815024,31.8704051965,9.61125158028,20.698482933
1075,2010-08-12,8.14,8.3,8.08,8.24,121900,8.09,162024.0,8.79333333333,8.678,9.2152,10.8322666667,9.10525168227,8.678,8.25074831773,-0.204165465063,-0.190893595715,-0.0132718693485,35.5454438351,19.2541087231,30.7956700379
1076,2010-08-11,8.61,8.61,8.17,8.17,186300,8.02,162682.0,8.83533333333,8.71,9.251,10.8584666667,9.09501948003,8.71,8.32498051997,-0.18162682287,-0.187575628378,0.00594880550752,33.4676161732,21.0714285714,40.5205811138
1077,2010-08-10,8.67,8.72,8.54,8.68,117300,8.52,163648.0,8.88633333333,8.747,9.2824,10.8839333333,9.05104604914,8.747,8.44295395086,-0.143090202138,-0.189062829755,0.0459726276163,42.8025982115,32.8571428571,53.9365703909
1078,2010-08-09,8.67,8.8,8.64,8.78,79300,8.62,164200.0,8.93033333333,8.763,9.3096,10.9060666667,9.08444050771,8.763,8.44155949229,-0.143749421464,-0.200555986659,0.0568065651947,45.092618349,50.0,64.9923112207
1079,2010-08-06,8.7,8.8,8.52,8.66,140100,8.5,167116.0,8.97666666667,8.767,9.341,10.9293333333,9.09116662382,8.767,8.44283337618,-0.152681742546,-0.214757627957,0.0620758854117,41.6117193809,58.1537530266,68.8120272059
1080,2010-08-05,9.1,9.16,8.84,8.84,80000,8.68,172022.0,9.01233333333,8.7875,9.369,10.9522666667,9.13315155865,8.7875,8.44184844135,-0.149643625198,-0.23027659931,0.0806329741121,45.6419658019,74.7353856797,67.7950957882
1081,2010-08-04,8.91,9.21,8.86,9.16,83500,8.99,175846.0,9.04433333333,8.79,9.3892,10.975,9.13785054262,8.79,8.44214945738,-0.161916520872,-0.250434842838,0.0885183219663,54.3282597898,77.0801061766,59.5065528958
1082,2010-08-03,8.87,9.05,8.76,8.88,96800,8.72,177832.0,9.07166666667,8.7815,9.4006,10.997,9.09982530531,8.7815,8.46317469469,-0.20780786741,-0.27256442333,0.0647565559197,45.9742641731,65.2788639406,49.0310393653
1083,2010-08-02,8.84,8.95,8.79,8.89,116500,8.73,190478.0,9.10766666667,8.788,9.42,11.0194,9.11915555257,8.788,8.45684444743,-0.234850162556,-0.28875356231,0.0539033997533,46.2548470852,54.086027356,40.3988990536
1084,2010-07-30,8.55,8.83,8.53,8.72,214600,8.56,196514.0,9.14933333333,8.8055,9.441,11.0413333333,9.18919128215,8.8055,8.42180871785,-0.266968144179,-0.302229412248,0.0352612680692,40.5249695146,41.5812141099,34.2007891978
1085,2010-07-29,8.62,8.79,8.51,8.67,154700,8.51,196542.0,9.193,8.839,9.4756,11.0638666667,9.29681655715,8.839,8.38118344285,-0.28677010408,-0.311044729265,0.0242746251857,38.7413176577,35.1780520546,28.7703920874
1086,2010-07-28,8.61,8.74,8.58,8.6,125800,8.44,199794.0,9.24,8.8805,9.5154,11.0860666667,9.41377197564,8.8805,8.34722802436,-0.302782495021,-0.317113385562,0.0143308905407,36.256141862,30.750302694,26.3233612484
1087,2010-07-27,8.7,8.72,8.59,8.66,291100,8.5,205740.0,9.291,8.9355,9.5628,11.1066666667,9.56068717197,8.9355,8.31031282803,-0.311688746804,-0.320696108197,0.00900736139279,37.465887359,29.2935879326,25.4079968518
1088,2010-07-26,8.67,8.69,8.58,8.63,290000,8.47,207644.0,9.33333333333,9.0025,9.6042,11.1274,9.76693116106,9.0025,8.23806883894,-0.324631799127,-0.322947948545,-0.00168385058137,36.4818868195,19.8596256684,23.913453033
1089,2010-07-23,8.57,8.76,8.57,8.65,360200,8.49,209922.0,9.373,9.0795,9.647,11.1455333333,9.97699596099,9.0795,8.18200403901,-0.333375377922,-0.3225269859,-0.0108483920218,36.8407516386,25.3899286988,25.8934712089
1090,2010-07-22,8.59,8.73,8.54,8.6,212300,8.44,215736.0,9.412,9.1335,9.6878,11.1626666667,10.0508717894,9.1335,8.21612821059,-0.341722631178,-0.319814887894,-0.0219077432831,35.3647795223,27.0888451074,23.9440635474
1091,2010-07-21,8.9,8.92,8.46,8.46,124800,8.31,217278.0,9.45,9.1935,9.7228,11.1813333333,10.12037162,9.1935,8.26662837998,-0.342315341607,-0.314337952074,-0.0279773895334,31.183521248,23.3154126575,20.4319320034
1092,2010-07-20,8.69,8.86,8.63,8.83,94300,8.67,220182.0,9.48266666667,9.2695,9.763,11.2014,10.1925920864,9.2695,8.34640791359,-0.32383817795,-0.30734360469,-0.0164945732598,37.0682886396,27.7796983718,17.7838364855
1093,2010-07-19,8.64,8.81,8.48,8.81,97200,8.65,230024.0,9.49833333333,9.326,9.7934,11.2189333333,10.2726023452,9.326,8.37939765477,-0.33321695193,-0.303219961375,-0.0299969905551,36.4664908636,17.5922980528,14.0836680406
1094,2010-07-16,8.8,8.85,8.58,8.63,148600,8.47,243176.0,9.52466666667,9.3925,9.8262,11.2356666667,10.3710882689,9.3925,8.41391173111,-0.338304522328,-0.295720713737,-0.0425838085917,30.9480718642,13.0403189315,12.5561624591
1095,2010-07-15,8.96,8.99,8.73,8.88,101700,8.72,250148.0,9.57333333333,9.4625,9.8646,11.2526666667,10.4127815372,9.4625,8.51221846277,-0.321550046402,-0.285074761589,-0.0364752848134,34.8522079338,12.723030586,11.9640133871
1096,2010-07-14,8.99,8.99,8.77,8.91,156100,8.75,257636.0,9.61166666667,9.5225,9.9034,11.2682,10.4696193167,9.5225,8.57538068334,-0.320942696454,-0.275955940385,-0.0449867560688,35.3491048856,12.979024592,11.2879083461
1097,2010-07-13,8.98,9.01,8.8,9.0,176900,8.84,261704.0,9.63933333333,9.5835,9.9466,11.2826666667,10.5220792455,9.5835,8.64492075454,-0.318553785118,-0.264709251368,-0.0538445337495,36.8111192163,11.4822757268,9.85264866655
1098,2010-07-12,9.07,9.14,8.84,8.86,140000,8.7,271036.0,9.674,9.63,9.988,11.2976,10.5400549434,9.63,8.7199450566,-0.320034792319,-0.251248117931,-0.0687866743883,32.7962877916,10.6717226436,9.69132300825
1099,2010-07-09,8.86,9.11,8.86,9.07,180400,8.91,278492.0,9.72366666667,9.678,10.0338,11.3162666667,10.5192038992,9.678,8.83679610082,-0.303015499077,-0.234051449334,-0.0689640497433,35.9804872782,10.0186104218,9.39937513126
1100,2010-07-08,9.09,9.13,8.86,8.89,226800,8.73,302304.0,9.75666666667,9.7155,10.067,11.3380666667,10.5105465395,9.7155,8.92045346048,-0.29826701208,-0.216810436898,-0.0814565751818,30.6190082746,7.23798587397,9.55451424271
1101,2010-07-07,9.01,9.08,8.8,8.99,288800,8.83,300680.0,9.78866666667,9.758,10.1198,11.3633333333,10.4570736728,9.758,9.0589263272,-0.269540513955,-0.196446293102,-0.0730942208522,32.0015760304,10.8369730936,13.1891264672
1102,2010-07-06,9.4,9.43,8.99,9.01,196400,8.85,298894.0,9.81333333333,9.7805,10.1768,11.3863333333,10.4041497414,9.7805,9.15685025856,-0.239136285236,-0.178172737889,-0.0609635473463,32.2722018402,9.50393113561,19.5347345924
1103,2010-07-02,9.45,9.49,9.18,9.24,84100,9.07,298388.0,9.84133333333,9.795,10.2354,11.4080666667,10.3567294723,9.795,9.23327052775,-0.198887450976,-0.162931851053,-0.0359555999236,35.4758418855,10.6391668676,27.4351941162
1104,2010-07-01,9.54,9.57,9.15,9.39,161200,9.22,300472.0,9.86466666667,9.813,10.288,11.4284,10.3231411569,9.813,9.30285884306,-0.168040575962,-0.153942951072,-0.0140976248903,37.7449362236,21.7764347721,36.9328543224
1105,2010-06-30,9.7,9.91,9.43,9.5,203500,9.33,306160.0,9.9,9.848,10.3328,11.4482666667,10.3326689592,9.848,9.36333104081,-0.141497247112,-0.150418544849,0.00892129773738,39.4637752814,36.2194055944,44.3851189571
1106,2010-06-29,9.86,10.01,9.66,9.7,135400,9.52,304426.0,9.93866666667,9.8745,10.3756,11.4697333333,10.3376403675,9.8745,9.41135963251,-0.116760165603,-0.152648869284,0.0358887036804,42.7505574904,41.1057692308,47.6539350833
1107,2010-06-28,10.1,10.22,9.93,10.0,98600,9.82,306970.0,9.981,9.8765,10.4138,11.4887333333,10.3369465224,9.8765,9.41605347759,-0.103851960978,-0.161621045204,0.0577690842259,48.3606643268,48.6298076923,53.9260377514
1108,2010-06-25,9.79,10.23,9.69,10.17,296500,9.99,309654.0,10.0053333333,9.8785,10.4466,11.5054,10.3414157591,9.8785,9.41558424093,-0.116411278551,-0.17606331626,0.0596520377092,51.947726267,51.585493311,61.3211136472
1109,2010-06-24,9.73,9.89,9.66,9.73,80700,9.55,306786.0,10.0253333333,9.8875,10.4822,11.5264,10.3788603566,9.8875,9.39613964344,-0.148057370747,-0.190976325688,0.0429189549404,41.5234056249,49.2946700992,69.5450963566
1110,2010-06-23,9.94,10.04,9.79,9.8,109300,9.62,309466.0,10.0573333333,9.904,10.5276,,10.3952596055,9.904,9.4127403945,-0.141495730303,-0.201706064423,0.0602103341196,42.8981863371,66.1941799031,79.8929974593
1111,2010-06-22,9.96,10.21,9.95,9.98,149600,9.8,310590.0,10.0756666667,9.9065,10.573,,10.3961233246,9.9065,9.41687667539,-0.138189844059,-0.216758647953,0.0785688038934,46.5806253326,78.2101112756,84.9193324355
1112,2010-06-21,10.27,10.31,9.9,9.96,122000,9.78,310918.0,10.092,9.894,10.613,,10.3882226219,9.894,9.3997773781,-0.150287569703,-0.236400848926,0.0861132792227,46.1032810065,84.4814241486,85.2672094688
1113,2010-06-18,10.16,10.17,9.96,10.14,259400,9.96,310322.0,10.105,9.8885,10.6566,,10.3821101701,9.8885,9.39488982993,-0.161506302148,-0.257929168732,0.0964228665838,49.8240232449,90.6862745098,81.8566945584
1114,2010-06-17,10.11,10.12,9.95,10.03,59800,9.85,308356.0,10.1153333333,9.8785,10.6978,,10.3592608553,9.8785,9.39773914469,-0.191803574437,-0.282034885378,0.0902313109408,47.4158478,86.2995198079,73.9813641164
1115,2010-06-16,10.04,10.18,10.01,10.08,122200,9.9,312648.0,10.1326666667,9.8995,10.7444,,10.4381083921,9.8995,9.36089160794,-0.216484040894,-0.304592713113,0.088108672219,48.396232393,79.6016194088,63.7620335745
1116,2010-06-15,10.01,10.19,9.94,10.13,164800,9.95,315454.0,10.1573333333,9.9285,10.7862,,10.5576986968,9.9285,9.29930130324,-0.249927341122,-0.326619881167,0.0766925400453,49.3436012778,70.8393645069,51.622045389
1117,2010-06-14,9.93,10.15,9.86,9.93,120100,9.75,322528.0,10.1886666667,9.9705,10.8258,,10.7435840834,9.9705,9.1974159166,-0.294068755725,-0.345793016179,0.051724260454,45.3716791752,59.1849527422,39.8648741651
1118,2010-06-11,9.52,9.82,9.51,9.82,128300,9.64,322360.0,10.2266666667,10.0105,10.8584,,10.8509159684,10.0105,9.17008403157,-0.325768252098,-0.358724081292,0.0329558291944,43.0928528309,45.4221976401,32.6035267563
1119,2010-06-10,9.86,9.9,9.69,9.82,175700,9.55,323428.0,10.271,10.058,10.8926,,10.9554318916,10.058,9.16056810843,-0.350289889256,-0.366963038591,0.0166731493346,43.0928528309,31.0416666667,30.2904694743
1120,2010-06-09,9.53,10.0,9.39,9.74,273400,9.48,322834.0,10.3013333333,10.1015,10.931,,11.0322905242,10.1015,9.17070947577,-0.376493289568,-0.371131325925,-0.00536196364299,41.5642309233,23.8106796117,32.9849743142
1121,2010-06-08,9.34,9.54,9.17,9.44,218100,9.18,321572.0,10.361,10.132,10.9702,,11.0533381572,10.132,9.21066184275,-0.396316636298,-0.369790835014,-0.0265258012845,35.5343579726,30.1395631068,38.3813074274
1122,2010-06-07,9.59,9.62,9.3,9.3,193800,9.05,319992.0,10.441,10.1835,11.018,,11.0583319839,10.1835,9.30866801613,-0.385308375052,-0.363159384693,-0.0221489903595,32.5168615256,36.1699685122,41.2108329738
1123,2010-06-04,9.85,9.92,9.56,9.6,225100,9.34,320876.0,10.529,10.236,11.0706,,11.0130045045,10.236,9.45899549551,-0.351398799788,-0.357622137103,0.00622333731458,35.8564612515,41.8196860263,42.1612786989
1124,2010-06-03,9.97,10.13,9.92,10.09,117200,9.82,319366.0,10.6046666667,10.2785,11.1172,,11.0029107951,10.2785,9.55408920494,-0.333552050272,-0.359177971431,0.0256259211589,42.4722423617,45.3960120644,42.0877131245
1125,2010-06-02,9.78,10.1,9.65,10.03,154800,9.76,319840.0,10.656,10.3015,11.155,,11.0297108211,10.3015,9.57328917888,-0.355812351069,-0.365584451721,0.00977210065264,41.2395076799,41.4576652924,39.2976652775
1126,2010-06-01,9.96,10.12,9.72,9.74,234600,9.48,320938.0,10.7096666667,10.341,11.1972,,11.0913839017,10.341,9.59061609825,-0.372940046251,-0.368027476884,-0.00491256936648,34.9869967238,39.9717514124,34.5508199428
1127,2010-05-28,10.3,10.3,9.96,10.04,144900,9.77,327990.0,10.772,10.4075,11.2474,,11.1687062795,10.4075,9.64629372047,-0.359849358338,-0.366799334543,0.00694997620473,38.9702794106,41.5254237288,27.8396917669
1128,2010-05-27,10.28,10.37,10.09,10.35,225100,10.07,327716.0,10.8253333333,10.459,11.2882,,11.2524708564,10.459,9.66552914357,-0.368452162372,-0.368536828594,8.46662222801e-05,43.7495770628,34.2358206765,20.8924230543
1129,2010-05-26,9.89,10.17,9.85,10.06,385400,9.79,325294.0,10.8786666667,10.499,11.323,,11.3453545356,10.499,9.65264546436,-0.405636800795,-0.368557995149,-0.0370788056451,37.0425629534,22.4702839533,18.4385169554
1130,2010-05-25,9.55,9.85,9.34,9.85,271200,9.58,319304.0,10.9433333333,10.5325,11.3618,,11.3595157193,10.5325,9.70548428068,-0.417670476734,-0.359288293738,-0.0583821829956,31.5549690429,13.1272387089,23.7531226969
1131,2010-05-24,9.89,9.9,9.57,9.73,182800,9.47,316850.0,11.0173333333,10.6165,11.4048,,11.4891803539,10.6165,9.74381964615,-0.405572797998,-0.344692747989,-0.060880050009,28.235874762,13.7363488784,34.7859870901
1132,2010-05-21,9.78,10.01,9.71,9.85,729100,9.58,315578.0,11.0923333333,10.722,11.4532,,11.64896494,10.722,9.79503505999,-0.372014338259,-0.329472735487,-0.0425416027725,29.5672610412,24.420196281,47.5124685488
1133,2010-05-20,10.23,10.3,9.9,9.94,418300,9.67,303562.0,11.1686666667,10.8265,11.4996,,11.8064035667,10.8265,9.84659643332,-0.335988604727,-0.318837334794,-0.0171512699334,30.571163165,43.7287069193,57.5564991863
1134,2010-05-19,10.6,10.82,10.36,10.45,216000,10.17,300878.0,11.244,10.923,11.548,,11.9147479519,10.923,9.93125204815,-0.294283197859,-0.314549517311,0.0202663194512,37.2210057486,57.2586962819,58.4177657327
1135,2010-05-18,11.01,11.11,10.5,10.66,317300,10.37,299368.0,11.3076666667,10.982,11.5862,,11.9943556687,10.982,9.96964433127,-0.288698722943,-0.319616097173,0.0309173742308,40.597475517,64.6422747132,53.4437896639
1136,2010-05-17,10.69,11.01,10.58,10.97,423100,10.67,295008.0,11.358,11.031,11.6208,,12.0707672817,11.031,9.99123271835,-0.298753466261,-0.327345440731,0.0285919744705,46.3624722221,64.5963188309,43.4793496413
1137,2010-05-14,10.73,10.77,10.48,10.73,386300,10.44,291148.0,11.396,11.063,11.6494,,12.1322632978,11.063,9.99373670221,-0.338805106404,-0.334493434349,-0.00431167205576,40.2643129604,47.1737731049,31.1992504524
1138,2010-05-13,10.72,10.93,10.56,10.77,403900,10.48,286318.0,11.4236666667,11.1085,11.675,,12.194525322,11.1085,10.022474678,-0.360561125549,-0.333415516335,-0.0271456092148,40.9854601097,37.3627920068,23.2428569066
1139,2010-05-12,10.37,10.75,10.36,10.69,650900,10.4,281570.0,11.449,11.1675,11.6984,,12.3007409276,11.1675,10.0342590724,-0.387157919068,-0.326629114031,-0.0605288050374,38.9549780116,24.7845146225,18.5946032407
1140,2010-05-11,10.35,10.53,10.28,10.35,289400,10.07,274420.0,11.484,11.233,11.7228,,12.3992263931,11.233,10.0667736069,-0.407328256701,-0.311496912772,-0.0958313439291,29.3638060805,15.4759220755,19.2867433843
1141,2010-05-10,10.67,10.8,10.4,10.47,270000,10.19,273046.0,11.529,11.319,11.7558,,12.4655932147,11.319,10.1724067853,-0.392529985727,-0.287539076789,-0.104990908937,30.9578870562,15.3481989215,24.1746309973
1142,2010-05-07,10.42,10.74,10.27,10.35,586400,10.07,271848.0,11.5743333333,11.3945,11.7874,,12.5058500799,11.3945,10.2831499201,-0.380150665528,-0.261291349555,-0.118859315972,27.2927424701,18.7697773431,31.1548889592
1143,2010-05-06,10.5,10.62,10.15,10.45,754800,10.17,263582.0,11.627,11.484,11.8284,,12.5309078278,11.484,10.4370921722,-0.346602505338,-0.231576520562,-0.115025984776,28.4619055189,27.5530751971,36.9706863817
1144,2010-05-05,10.76,10.86,10.51,10.55,497200,10.26,251044.0,11.6763333333,11.5715,11.869,,12.5482758187,11.5715,10.5947241813,-0.308923180801,-0.202820024368,-0.106103156433,29.6409645591,35.0274725275,38.4348290598
1145,2010-05-04,10.92,11.09,10.63,10.82,476100,10.53,243622.0,11.724,11.662,11.9058,,12.5768682965,11.662,10.7471317035,-0.266519051216,-0.17629423526,-0.0902248159565,33.0762861693,43.2692307692,38.5655143468
1146,2010-05-03,11.07,11.16,10.99,11.07,359500,10.77,236204.0,11.768,11.7295,11.9422,,12.5830683921,11.7295,10.8759316079,-0.236010230528,-0.15373803127,-0.0822721992578,36.7370424906,42.032967033,37.7642322955
1147,2010-04-30,11.12,11.17,10.93,11.07,643500,10.77,232816.0,11.8073333333,11.7815,11.9722,,12.5937382655,11.7815,10.9692617345,-0.219091550588,-0.133169981456,-0.0859215691322,36.7370424906,33.4096459096,38.954708486
1148,2010-04-29,10.78,11.17,10.6,11.15,512800,10.85,224064.0,11.841,11.806,11.9988,,12.5582605931,11.806,11.0537394069,-0.194310376547,-0.111689589173,-0.0826207873742,37.8942411075,35.5502136752,42.8565705128
1149,2010-04-28,11.29,11.29,10.24,10.73,1371000,10.44,217584.0,11.8723333333,11.825,12.0268,,12.5275809562,11.825,11.1224190438,-0.16799970893,-0.0910343923294,-0.0769653166009,26.6270912181,40.0641025641,44.0253739316
1150,2010-04-27,11.83,11.91,11.5,11.53,145600,11.22,192822.0,11.9146666667,11.8755,12.0626,,12.3705343422,11.8755,11.3804656578,-0.0892104610422,-0.0717930631792,-0.017417397863,39.2080378847,46.7948717949,40.812232906
1151,2010-04-26,11.96,12.06,11.78,11.84,199500,11.52,195380.0,11.9303333333,11.884,12.0808,,12.3605039349,11.884,11.4074960651,-0.0688036688498,-0.0674387137135,-0.00136495513634,47.2392169399,49.0170940171,33.4153766594
1152,2010-04-23,11.86,11.95,11.82,11.94,171100,11.62,196392.0,11.9406666667,11.8835,12.0906,,12.3602085063,11.8835,11.4067914937,-0.0733200370865,-0.0670974749294,-0.0062225621571,50.327091539,40.2254273504,27.3379648572
1153,2010-04-22,11.49,11.91,11.49,11.87,188300,11.55,199270.0,11.9483333333,11.883,12.098,,12.359491343,11.883,11.406508657,-0.0881999101873,-0.0655418343901,-0.0226580757972,48.1229175915,27.2115384615,25.7084697218
1154,2010-04-21,11.64,11.7,11.46,11.63,445600,11.32,199022.0,11.9646666667,11.886,12.104,,12.3628815367,11.886,11.4091184633,-0.0987818586151,-0.0598773154408,-0.0389045431743,39.5884880172,17.2074468085,30.2074468085
1155,2010-04-20,11.68,11.76,11.6,11.64,116800,11.33,193316.0,11.989,11.9035,12.1102,,12.3670202261,11.9035,11.4399797739,-0.0864150821194,-0.0501511796472,-0.0362639024722,39.8420855913,24.7074468085,39.6555851064
1156,2010-04-19,11.63,11.84,11.45,11.61,262600,11.3,198304.0,12.014,11.9285,12.1262,,12.3863766209,11.9285,11.4706233791,-0.0703918134705,-0.0410852040292,-0.0293066094413,38.7490723547,33.7074468085,48.4162234043
1157,2010-04-16,11.94,11.97,11.51,11.64,232800,11.33,197934.0,12.0403333333,11.9605,12.1312,,12.4143050242,11.9605,11.5066949758,-0.0458618696535,-0.0337585516689,-0.0121033179847,39.4140375156,45.2074468085,56.1768617021
1158,2010-04-15,12.0,12.04,11.92,11.95,153100,11.63,197322.0,12.0526666667,11.9825,12.1404,,12.4141422129,11.9825,11.5508577871,-0.0169402050777,-0.0307327221727,0.013792517095,47.1833397415,55.0,62.875
1159,2010-04-14,12.11,12.17,11.87,12.0,214700,11.68,198720.0,12.0523333333,11.9895,12.1376,,12.4233421372,11.9895,11.5556578628,-0.0113428774907,-0.0341808514464,0.0228379739558,48.6186902669,59.75,69.7335526316
1160,2010-04-13,12.0,12.1,11.83,12.07,165500,11.74,196976.0,12.0493333333,11.9895,12.136,,12.4233421372,11.9895,11.5556578628,-0.0091245738797,-0.0398903449354,0.0307657710557,50.6205781359,64.75,76.3136242505
1161,2010-04-12,12.11,12.14,11.94,11.98,166000,11.66,199120.0,12.047,11.986,12.1346,,12.4183147002,11.986,11.5536852998,-0.0132877634689,-0.0475817876993,0.0342940242304,48.0676768043,72.0,77.7200847583
1162,2010-04-09,12.2,12.23,11.99,12.14,92200,11.81,200194.0,12.0493333333,11.9945,12.1374,,12.4326540825,11.9945,11.5563459175,-0.00924459434869,-0.0561552937569,0.0469106994082,52.5528259956,82.4342105263,71.6265452661
1163,2010-04-08,12.28,12.35,12.08,12.2,161100,11.87,203060.0,12.058,11.996,12.1388,,12.4363362352,11.996,11.5556637648,-0.020240482572,-0.067882968609,0.047642486037,54.3176916481,86.0702864757,58.3021018095
1164,2010-04-07,12.11,12.45,12.11,12.36,274400,12.03,203366.0,12.0673333333,12.004,12.1278,,12.4642347227,12.004,11.5437652773,-0.0400899183396,-0.0797935901182,0.0397036717786,59.2442772179,70.3758420312,39.8211463522
1165,2010-04-06,12.11,12.18,11.92,12.17,262500,11.84,200886.0,12.0683333333,12.004,12.1158,,12.4642347227,12.004,11.5437652773,-0.0811327993617,-0.0897195080629,0.00858670870118,54.7152418438,47.6258420312,25.5911829584
1166,2010-04-05,11.64,12.14,11.61,12.11,518500,11.78,199530.0,12.084,12.015,12.1088,,12.5004070457,12.015,11.5295929543,-0.112992872239,-0.0918661852381,-0.021126687001,53.1898910543,29.1364366997,18.0487195645
1167,2010-04-01,11.6,11.71,11.45,11.56,111700,11.25,196166.0,12.0993333333,12.0295,12.112,,12.5419636572,12.0295,11.5170363428,-0.145905287116,-0.0865845134879,-0.0593207736277,34.3742685556,12.1464646465,14.8299062049
1168,2010-03-31,11.66,11.79,11.53,11.53,181700,11.22,199664.0,12.1273333333,12.052,12.126,,12.5173858614,12.052,11.5866141386,-0.129791237927,-0.071754320081,-0.0580369178462,33.0104394647,13.455988456,16.1345598846
1169,2010-03-30,11.7,11.93,11.62,11.74,146000,11.42,204976.0,12.1613333333,12.0725,12.1326,,12.4761273033,12.0725,11.6688726967,-0.104281433502,-0.0572450906194,-0.0470363428829,38.1659986946,17.455988456,19.0866005064
1170,2010-03-29,11.83,11.84,11.58,11.7,210300,11.38,206356.0,12.1873333333,12.081,12.1302,,12.462832424,12.081,11.699167576,-0.0915866440945,-0.0454860048987,-0.0461006391958,36.4093964443,16.2611832612,23.8928077949
1171,2010-03-26,11.99,12.06,11.72,11.83,139100,11.51,203786.0,12.212,12.096,12.1338,,12.4383098012,12.096,11.7536901988,-0.0699785798817,-0.0339608450997,-0.036017734782,39.8235644739,17.3650793651,30.0810497155
1172,2010-03-25,12.02,12.21,11.91,11.93,238000,11.61,202892.0,12.2286666667,12.107,12.1314,,12.4278800399,12.107,11.7861199601,-0.0546173258518,-0.0249564114043,-0.0296609144476,42.6824214271,25.2641509434,36.9308176101
1173,2010-03-24,11.89,12.04,11.85,11.93,149600,11.61,201718.0,12.2413333333,12.1305,12.1244,,12.464654156,12.1305,11.796345844,-0.0443981641504,-0.0175411827924,-0.026856981358,42.6824214271,36.6808176101,40.5780151683
1174,2010-03-23,12.14,12.14,11.89,11.98,140900,11.66,201210.0,12.2493333333,12.158,12.1256,,12.5115873301,12.158,11.8044126699,-0.030709006282,-0.0108269374529,-0.0198820688291,44.0456087867,41.0141509434,39.3551146874
1175,2010-03-22,12.24,12.24,12.05,12.14,209700,11.81,201816.0,12.248,12.1785,12.1266,,12.5359506959,12.1785,11.8210493041,-0.0178808956022,-0.00585642024558,-0.0120244753566,48.663869362,44.7641509434,38.1824593045
1176,2010-03-19,12.25,12.35,12.07,12.25,587200,11.92,201228.0,12.258,12.2035,12.1272,,12.6128543697,12.2035,11.7941456303,-0.017538384944,-0.00285030140642,-0.0146880835376,52.154945593,39.8529411765,37.2855392157
1177,2010-03-18,12.04,12.16,11.99,12.08,131200,11.75,195718.0,12.245,12.2195,12.122,,12.6587937514,12.2195,11.7802062486,-0.0280461130138,0.000821719477979,-0.0288678324918,46.6640345453,31.7892156863,40.925245098
1178,2010-03-17,12.0,12.17,12.0,12.09,104000,11.76,210156.0,12.2456666667,12.2355,12.1204,,12.6766110971,12.2355,11.7943889029,-0.0237407606518,0.00803867760093,-0.0317794382528,46.9584001361,36.3235294118,49.6037581699
1179,2010-03-16,11.99,12.06,11.88,12.0,85900,11.68,211908.0,12.2363333333,12.2585,12.124,,12.7145822294,12.2585,11.8024177706,-0.0189184271185,0.0159835371641,-0.0349019642826,44.0065104913,41.1764705882,58.6593451483
1180,2010-03-15,12.13,12.16,11.96,12.0,148500,11.68,212932.0,12.2336666667,12.2845,12.126,,12.7379523128,12.2845,11.8310476872,-0.00332456246871,0.0247090282348,-0.0280335907035,44.0065104913,54.4117647059,67.133219603
1181,2010-03-12,12.19,12.22,12.06,12.15,119200,11.82,212836.0,12.2336666667,12.3065,12.131,,12.7450555837,12.3065,11.8679444163,0.0166272365929,0.0317174259106,-0.0150901893178,47.831946486,66.5032679739,68.4637117047
1182,2010-03-11,12.21,12.28,12.02,12.17,128300,11.84,213272.0,12.2326666667,12.3155,12.1372,,12.7481881094,12.3155,11.8828118906,0.0265784094083,0.0354899732401,-0.00891156383176,48.3523444603,72.5458773253,62.7852168783
1183,2010-03-10,12.36,12.38,12.24,12.36,284100,11.94,212578.0,12.234,12.3225,12.1386,,12.7500453192,12.3225,11.8949546808,0.0368567658468,0.037717864198,-0.000861098351193,53.4856059136,75.0719684069,51.5560056115
1184,2010-03-09,12.3,12.41,12.21,12.36,140500,11.94,208184.0,12.2103333333,12.313,12.135,,12.7452082831,12.313,11.8807917169,0.0300941332887,0.0379331387858,-0.00783900549708,53.4856059136,59.7337331128,36.4782309011
1185,2010-03-08,12.3,12.48,12.3,12.39,99300,11.97,208432.0,12.1903333333,12.292,12.1298,,12.7528947819,12.292,11.8311052181,0.0210248221577,0.0398928901601,-0.0188680680024,54.2699993513,43.7892886683,25.0774063186
1186,2010-03-05,12.12,12.4,12.09,12.4,230100,11.98,211392.0,12.1713333333,12.2945,12.122,,12.7580288556,12.2945,11.8309711444,0.00608872217356,0.0446099071607,-0.0385211849871,54.5174717688,27.6290322581,19.3612222589
1187,2010-03-04,12.0,12.09,11.93,12.01,144800,11.6,211538.0,12.167,12.2675,12.1078,,12.764968592,12.2675,11.770031408,-0.0140819177651,0.0542402034075,-0.0683221211725,45.520905368,14.7608695652,20.2172992715
1188,2010-03-03,11.91,11.99,11.8,11.94,166500,11.53,230580.0,12.1753333333,12.272,12.103,,12.7616365999,12.272,11.7823634001,8.69296989467e-05,0.0713207337006,-0.0712338040017,43.6636587333,14.1304347826,26.8779773438
1189,2010-03-02,11.99,12.03,11.8,11.91,293400,11.5,232054.0,12.1726666667,12.2655,12.0912,,12.7756166533,12.2655,11.7553833467,0.0252975396665,0.089129184701,-0.0638316450345,42.88884163,20.9245524297,37.6802616962
1190,2010-03-01,12.09,12.2,11.95,12.0,220700,11.59,236188.0,12.163,12.266,12.0774,,12.7747396191,12.266,11.7572603809,0.0601620267208,0.10508709596,-0.0449250692388,44.5975098489,31.0533403085,48.9630913919
1191,2010-02-26,12.4,12.4,11.88,12.05,210100,11.64,241176.0,12.159,12.266,12.0654,,12.7747396191,12.266,11.7572603809,0.0946230698088,0.116318363269,-0.0216952934606,45.5333151646,41.4035818543,58.4712998754
1192,2010-02-25,12.41,12.41,12.12,12.4,173100,11.98,243566.0,12.1476666667,12.2695,12.0538,,12.7731854177,12.2695,11.7658145823,0.132140647426,0.121742186635,0.0103984607911,52.7245052287,57.3395721925,67.0966970763
1193,2010-02-24,12.4,12.52,12.3,12.48,127900,12.05,244476.0,12.1203333333,12.26,12.035,,12.7606395909,12.26,11.7593604091,0.142468309803,0.119142571437,0.0233257383664,54.5531466863,66.0558712121,72.1795649467
1194,2010-02-23,12.58,12.58,12.28,12.39,126100,11.97,248724.0,12.104,12.2185,12.0118,,12.7739196612,12.2185,11.6630803388,0.145432441641,0.113311136845,0.0321213047954,52.8446470632,69.0861742424,75.7690655838
1195,2010-02-22,12.64,12.73,12.57,12.64,105200,12.21,253726.0,12.092,12.187,11.9876,,12.77068142,12.187,11.60331858,0.156264007126,0.105280810646,0.0509831964792,58.5190641822,75.9051706582,79.1691722816
1196,2010-02-19,12.41,12.8,12.31,12.57,190100,12.14,260880.0,12.0763333333,12.146,11.959,,12.7115581314,12.146,11.5804418686,0.142361546968,0.0925350115265,0.0498265354416,57.3277137831,77.6710436741,80.1401198768
1197,2010-02-18,12.5,12.53,12.21,12.4,205900,11.98,264558.0,12.057,12.131,11.9292,,12.6658607295,12.131,11.5961392705,0.129673511684,0.0800783776661,0.049595134018,54.3725368364,80.4138737606,78.9795481976
1198,2010-02-17,12.65,12.72,12.42,12.55,188800,12.12,328342.0,12.0436666667,12.124,11.906,,12.6481526495,12.124,11.5998473505,0.12890189557,0.0676795941616,0.0612223014083,57.6432598464,82.6866010334,74.2684867202
1199,2010-02-16,12.61,12.61,12.3,12.52,132900,12.09,331708.0,12.0343333333,12.0895,11.8882,,12.5871133037,12.0895,11.5918866963,0.110769368885,0.0523740188095,0.0583953500753,57.1647278151,79.788961039,70.311135818
1200,2010-02-12,12.27,12.48,12.26,12.44,273500,12.02,332826.0,12.0203333333,12.0445,11.8846,,12.5410269378,12.0445,11.5479730622,0.089069025823,0.0377751812907,0.0512938445324,55.9319162508,73.0287569573,65.1376067668
1201,2010-02-11,12.25,12.39,12.25,12.33,250100,11.91,330410.0,12.014,12.0165,11.8894,,12.482902187,12.0165,11.550097813,0.0682214021213,0.0249517201576,0.0432696819637,54.2508042545,61.5696278511,61.4628022055
1202,2010-02-10,12.18,12.38,12.14,12.31,315000,11.89,329618.0,12.0183333333,11.9855,11.8916,,12.4468230972,11.9855,11.5241769028,0.0518199420202,0.0141342996667,0.0376856423536,53.9542427832,66.8571974244,59.9287403049
1203,2010-02-09,12.19,12.33,11.9,12.17,175900,11.75,326462.0,12.016,11.949,11.8908,,12.4173118619,11.949,11.4806881381,0.0321683337891,0.00471288907829,0.0274554447108,51.928753235,59.0948448345,53.7564594803
1204,2010-02-08,12.4,12.54,11.92,11.94,160300,11.53,324076.0,12.0163333333,11.94,11.8932,,12.3977772384,11.94,11.4822227616,0.0208723780644,-0.00215097209942,0.0230233501639,48.470887153,58.329538712,50.4652655906
1205,2010-02-05,11.86,12.5,11.84,12.44,366200,12.02,324512.0,12.0216666667,11.9445,11.9018,,12.4039551121,11.9445,11.4850448879,0.0295692145313,-0.00790680964038,0.0374760241717,56.7046630569,55.4333802487,47.737519557
1206,2010-02-04,12.03,12.04,11.84,11.86,244100,11.46,320240.0,12.007,11.931,11.9074,,12.3450483064,11.931,11.5169516936,-0.010669648226,-0.0172758156833,0.00660616745732,47.008563321,42.1680741262,48.4714793067
1207,2010-02-03,11.79,12.11,11.79,12.1,202200,11.69,318458.0,12.0013333333,11.9375,11.9212,,12.3509670483,11.9375,11.5240329517,-0.0028193290802,-0.0189273575476,0.0161080284674,51.4345428308,45.9300692754,51.3468919678
1208,2010-02-02,11.99,12.39,11.77,11.81,223000,11.41,317886.0,11.9903333333,11.9325,11.9292,,12.3403663997,11.9325,11.5246336003,-0.017194822402,-0.0229543646645,0.00575954226246,45.6979988438,47.4185545778,51.9056590526
1209,2010-02-01,12.02,12.13,11.83,11.92,127500,11.51,314830.0,11.975,11.9555,11.9594,,12.3844743582,11.9555,11.5265256418,-0.00576580009789,-0.0243942502301,0.0186284501322,47.6817397249,58.3692192473,50.3721213256
1210,2010-01-29,12.17,12.29,11.85,12.0,272700,11.59,,11.9516666667,11.9645,,,12.3976500895,11.9645,11.5313499105,-0.00229434544644,-0.0290513627632,0.0267570173167,49.1217794418,53.6697247706,46.4449541284
1211,2010-01-28,12.21,12.31,11.9,12.12,219700,11.71,,11.9316666667,11.977,,,12.427604039,11.977,11.526395961,-0.00597558921209,-0.0357406170923,0.0297650278803,51.2788649274,48.1651376147,48.3534455796
1212,2010-01-27,11.56,12.21,11.56,12.21,235500,11.79,,11.91,11.994,,,12.4884249185,11.994,11.4995750815,-0.0228054590481,-0.0431818740624,0.0203764150143,52.8965623547,41.2844036697,52.9400266153
1213,2010-01-26,11.69,11.8,11.52,11.65,176400,11.25,,11.885,11.9955,,,12.4927112227,11.9955,11.4982887773,-0.0531184135071,-0.048275977816,-0.00484243569114,42.3971883014,42.6605504587,58.1953786565
1214,2010-01-25,11.91,11.97,11.7,11.76,150400,11.36,,11.874,12.022,,,12.4988060402,12.022,11.5451939598,-0.034017953002,-0.0470653688932,0.0130474158912,44.1939634483,61.3036905755,60.835075808
1215,2010-01-22,12.2,12.36,11.7,11.82,194700,11.42,,11.8546666667,12.039,,,12.5012510141,12.039,11.5767489859,-0.0203440131864,-0.050327222866,0.0299832096796,45.1633949733,66.5114617573,54.259014875
1216,2010-01-21,12.31,12.5,11.94,12.27,350300,11.85,,11.8343333333,12.048,,,12.4997344353,12.048,11.5962655647,-0.00870427162994,-0.0578230252859,0.049118753656,53.3069625212,62.3058118346,43.5930209505
1217,2010-01-20,11.73,12.29,11.73,12.26,286600,11.84,,11.7946666667,12.019,,,12.4842698142,12.019,11.5537301858,-0.0395393030014,-0.0701027136999,0.0305634106985,53.1325803952,53.2193390647,34.9593399616
1218,2010-01-19,11.61,11.86,11.52,11.86,447300,11.46,,11.7606666667,11.9945,,,12.4580288556,11.9945,11.5309711444,-0.0773027168174,-0.0777435663745,0.000440849557145,45.5842728514,34.9994468435,28.5559459403
1219,2010-01-15,11.88,11.88,11.41,11.62,215000,11.22,,11.754,11.969,,,12.5091073967,11.969,11.4288926033,-0.083650889116,-0.0778537787638,-0.00579711035222,40.2201335041,23.8474860592,29.026241887
1220,2010-01-14,11.72,11.96,11.59,11.88,81800,11.47,,11.778,11.949,,,12.5637812619,11.949,11.3342187381,-0.0661003615537,-0.0764045011757,0.0103041396221,44.6475532889,27.7710878788,34.3418196966
1221,2010-01-13,11.52,11.79,11.48,11.71,94400,11.31,,11.8046666667,11.925,,,12.5845301358,11.925,11.2654698642,-0.0692107738425,-0.0789805360813,0.0097697622388,40.6831662792,27.6057629795,39.1399940848
1222,2010-01-12,11.92,11.95,11.5,11.58,179300,11.18,,11.829,11.913,,,12.5960549026,11.913,11.2299450974,-0.0548649979079,-0.081422976641,0.0265579787331,37.5048640956,36.8806306306,46.5414366348
1223,2010-01-11,12.14,12.18,11.95,11.99,124200,11.58,,11.852,11.907,,,12.6036232841,11.907,11.2103767159,-0.0225201712,-0.0880624713242,0.0655423001243,44.4854339612,45.1097972973,52.4068199297
1224,2010-01-08,12.09,12.14,11.9,12.03,171200,11.62,,11.862,11.8735,,,12.6139937542,11.8735,11.1330062458,-0.0226542989844,-0.104448046355,0.0817937473709,45.2483870507,46.9637854318,58.9145643357
1225,2010-01-07,11.99,12.17,11.88,12.17,180300,11.75,,11.8733333333,11.831,,,12.6262332991,11.831,11.0357667009,-0.0265687050077,-0.124896483198,0.0983277781903,47.9193918163,57.2115331795,68.464909269
1226,2010-01-06,12.02,12.08,11.72,11.99,311700,11.58,,11.8916666667,11.783,,,12.6059969623,11.783,10.9600030377,,,,43.9707655043,60.3421638102,75.7058293929
1227,2010-01-05,12.21,12.26,11.88,12.0,853100,11.59,,11.9103333333,11.7375,,,12.6088868257,11.7375,10.8661131743,,,,44.1434203533,71.1407749213,83.4989001188
1228,2010-01-04,12.2,12.42,12.2,12.27,191600,11.85,,11.927,11.6995,,,12.5879024989,11.6995,10.8110975011,,,,48.9636486412,85.1651651652,89.2751884372
1229,2009-12-31,12.18,12.4,12.07,12.1,137100,11.69,,11.962,11.669,,,12.5179734978,11.669,10.8200265022,,,,45.4832237395,86.1752136752,91.2477601471
1230,2009-12-30,12.45,12.45,12.23,12.25,143700,11.83,,,11.681,,,12.5602474055,11.681,10.8017525945,,,,48.1749544902,91.5144467136,92.4356956036
1231,2009-12-29,12.24,12.46,12.2,12.46,141000,12.03,,,11.7025,,,12.6543797193,11.7025,10.7506202807,,,,52.1902058641,94.245928195,91.9666114401
1232,2009-12-28,12.2,12.41,12.19,12.24,93600,11.82,,,11.7015,,,12.650231258,11.7015,10.752768742,,,,47.9717939959,93.0554520046,86.9176880034
1233,2009-12-24,12.13,12.24,12.04,12.18,64400,11.76,,,11.703,,,12.6552205627,11.703,10.7507794373,,,,46.7826645915,90.9269555011,77.2798941347
1234,2009-12-23,12.03,12.15,12.0,12.1,152900,11.69,,,11.7085,,,12.6728707793,11.7085,10.7441292207,,,,45.2329061278,89.6381100596,64.7356445143
1235,2009-12-22,11.66,12.05,11.66,12.0,247300,11.59,,,11.722,,,12.7150478337,11.722,10.7289521663,,,,43.3169323237,74.0502344482,48.5772805414
1236,2009-12-21,11.77,11.88,11.64,11.69,237400,11.29,,,11.758,,,12.8372145292,11.758,10.6787854708,,,,36.9695072459,54.5042765301,35.8765000114
1237,2009-12-18,11.45,11.86,11.35,11.77,1096900,11.37,,,11.801,,,12.9331819642,11.801,10.6688180358,,,,37.9889072916,40.7499570192,28.1262609909
1238,2009-12-17,11.11,11.43,11.11,11.35,240200,10.96,,,11.8375,,,13.0096923904,11.8375,10.6653076096,,,,28.3586121507,25.0046541681,22.9882067643
1239,2009-12-16,11.5,11.58,11.14,11.22,500100,10.84,,,11.936,,,13.2502511176,11.936,10.6217488824,,,,25.0114677827,23.2471123282,20.8683991545
1240,2009-12-15,11.43,11.49,11.25,11.4,470100,11.01,,,,,,,,,,,,26.6099154344,23.503320448,17.7620959178
1241,2009-12-14,11.56,11.56,11.11,11.47,329600,11.08,,,,,,,,,,,,27.2385289879,20.197740113,14.1893103758
1242,2009-12-11,11.35,11.52,11.33,11.46,218600,11.07,,,,,,,,,,,,27.0097995413,16.5254237288,11.4144695543
1243,2009-12-10,11.19,11.49,11.07,11.32,340300,10.85,,,,,,,,,,,,23.8998788857,10.8218993812,10.4852164961
1244,2009-12-09,11.2,11.35,11.0,11.18,376200,10.71,,,,,,,,,,,,20.7650273224,,
1245,2009-12-08,11.09,11.47,11.0,11.21,462900,10.74,,,,,,,,,,,,,,
1246,2009-12-07,11.16,11.39,11.04,11.08,374000,10.62,,,,,,,,,,,,,,
1247,2009-12-04,11.86,12.06,11.02,11.24,3395100,10.77,,,,,,,,,,,,,,
1248,2009-12-03,12.29,12.29,11.49,11.66,357100,11.17,,,,,,,,,,,,,,
1249,2009-12-02,11.94,12.71,11.87,12.34,188800,11.82,,,,,,,,,,,,,,
1250,2009-12-01,12.63,12.77,12.43,12.68,152700,12.15,,,,,,,,,,,,,,
1251,2009-11-30,12.24,12.57,12.09,12.44,210500,11.92,,,,,,,,,,,,,,
1252,2009-11-27,12.04,12.52,11.87,12.27,157200,11.76,,,,,,,,,,,,,,
1253,2009-11-25,12.48,12.57,12.25,12.29,56600,11.78,,,,,,,,,,,,,,
1254,2009-11-24,12.77,12.77,12.23,12.37,182100,11.85,,,,,,,,,,,,,,
1255,2009-11-23,12.76,12.91,12.61,12.72,152600,12.19,,,,,,,,,,,,,,
1256,2009-11-20,12.42,12.67,12.42,12.55,155000,12.03,,,,,,,,,,,,,,
1257,2009-11-19,13.2,13.24,12.35,12.5,173600,11.98,,,,,,,,,,,,,,
1258,2009-11-18,13.56,13.63,13.2,13.32,70200,12.76,,,,,,,,,,,,,,
